-420.670564230612
-420.670565755111
-420.670567395516
-420.670568981409
-420.670570418297
-420.670571691083
-420.670572782826
-420.670573648285
-420.670574480664
-420.670575341136
-420.670562998652
-420.670564902871
-420.670566906890
-420.670568939938
-420.670570974235
-420.670573066978
-420.670575184412
-420.670577417303
-420.670579677974
-420.670581916077
-420.670557344133
-420.670560571513
-420.670563821136
-420.670567110958
-420.670570337008
-420.670573544189
-420.670576803295
-420.670580118800
-420.670583419615
-420.670586701228
-420.670551772953
-420.670556094752
-420.670560030625
-420.670563848881
-420.670567773938
-420.670571724144
-420.670575668213
-420.670579790647
-420.670584091899
-420.670588528038
-420.670541875408
-420.670547624142
-420.670553041594
-420.670558265884
-420.670563455288
-420.670568769332
-420.670574274609
-420.670579920061
-420.670585700758
-420.670591509494
-420.670534178137
-420.670541180007
-420.670548251427
-420.670555422605
-420.670562653345
-420.670569953947
-420.670577301791
-420.670584375827
-420.670591241926
-420.670598168171
-420.670529783353
-420.670537932436
-420.670546170182
-420.670554592463
-420.670563103079
-420.670571659598
-420.670580152615
-420.670588431333
-420.670596592240
-420.670604688532
-420.670528602997
-420.670537282516
-420.670545593101
-420.670553633901
-420.670561773014
-420.670570406358
-420.670579649563
-420.670588965059
-420.670597886412
-420.670606528692
-420.670524032767
-420.670533511142
-420.670542298275
-420.670550532939
-420.670558776163
-420.670567372470
-420.670576390565
-420.670585907414
-420.670595759530
-420.670605324067
-420.670518214087
-420.670528094577
-420.670537360524
-420.670545980863
-420.670554579140
-420.670563444304
-420.670572365875
-420.670581388417
-420.670590754414
-420.670600358099
-420.670508431062
-420.670519487004
-420.670531014322
-420.670542795770
-420.670554715007
-420.670567043590
-420.670579971619
-420.670593223115
-420.670606736361
-420.670620778731
-420.670485168504
-420.670500697441
-420.670515691975
-420.670530205836
-420.670544171187
-420.670557906631
-420.670571860041
-420.670586026101
-420.670600089335
-420.670613873940
-420.670487686563
-420.670501660011
-420.670514596400
-420.670526825620
-420.670539346259
-420.670552801342
-420.670567064399
-420.670581782412
-420.670596571829
-420.670611569699
-420.670466289329
-420.670483156763
-420.670499540667
-420.670515464728
-420.670530841545
-420.670545880366
-420.670560906698
-420.670576352754
-420.670592182453
-420.670608211085
-420.670458095562
-420.670474704312
-420.670490204056
-420.670504740420
-420.670518670955
-420.670532625668
-420.670546635297
-420.670560260583
-420.670573727582
-420.670586932354
-420.670467651702
-420.670481371596
-420.670495584169
-420.670510300418
-420.670525734676
-420.670541947379
-420.670558233806
-420.670573594910
-420.670588549500
-420.670604066030
-420.670455867981
-420.670472552967
-420.670489328472
-420.670506459327
-420.670523063590
-420.670538893681
-420.670554567614
-420.670570205798
-420.670585956391
-420.670602395642
-420.670440939191
-420.670460009482
-420.670479095779
-420.670498147757
-420.670517079036
-420.670535633876
-420.670554012574
-420.670572721672
-420.670592130443
-420.670612073789
-420.670424790365
-420.670446229370
-420.670467049621
-420.670487026308
-420.670506479975
-420.670525152644
-420.670542622367
-420.670559801717
-420.670576941415
-420.670593561330
-420.670443039258
-420.670460298050
-420.670477721664
-420.670495599176
-420.670513565317
-420.670531112598
-420.670547656607
-420.670563143660
-420.670578818418
-420.670595360899
-420.670441313505
-420.670458941135
-420.670476941638
-420.670495314361
-420.670514067007
-420.670533300655
-420.670552902063
-420.670572857760
-420.670593233405
-420.670614015056
-420.670424353118
-420.670444751251
-420.670464310725
-420.670483610805
-420.670502964173
-420.670522799689
-420.670543120899
-420.670563604715
-420.670584168146
-420.670604577484
-420.670417245104
-420.670438176026
-420.670458446526
-420.670479182254
-420.670501058725
-420.670522888185
-420.670543908865
-420.670564314124
-420.670584422268
-420.670604557530
-420.670418266155
-420.670439222516
-420.670459717397
-420.670479625948
-420.670499903487
-420.670520792055
-420.670541575830
-420.670562185948
-420.670582483065
-420.670601783855
-420.670432005258
-420.670450874920
-420.670469948229
-420.670489575825
-420.670509354401
-420.670529036725
-420.670547993375
-420.670565643136
-420.670582645294
-420.670599329082
-420.670454604735
-420.670469648744
-420.670484125682
-420.670499108340
-420.670515448226
-420.670533527915
-420.670552962250
-420.670572692286
-420.670591943416
-420.670611415250
-420.670429497751
-420.670449865405
-420.670470780166
-420.670493078353
-420.670515388992
-420.670536559459
-420.670556660749
-420.670576316934
-420.670596396716
-420.670617629917
-420.670411697818
-420.670435009545
-420.670457035136
-420.670478725385
-420.670501351113
-420.670524471868
-420.670547191673
-420.670569807316
-420.670592664802
-420.670615213740
-420.670418576641
-420.670439830828
-420.670460661268
-420.670481604261
-420.670503461879
-420.670526557188
-420.670549758113
-420.670572832711
-420.670595980279
-420.670618311195
-420.670421179504
-420.670443456867
-420.670465924318
-420.670488435092
-420.670510353573
-420.670531111340
-420.670550389591
-420.670568773684
-420.670587261580
-420.670605908687
-420.670436034159
-420.670454812023
-420.670473049386
-420.670490265532
-420.670506449553
-420.670522941955
-420.670540954935
-420.670560889998
-420.670583866161
-420.670609819808
-420.670361281315
-420.670387772998
-420.670411164195
-420.670432150624
-420.670451332637
-420.670469466747
-420.670488545923
-420.670509494612
-420.670531832435
-420.670554059158
-420.670356419926
-420.670377897257
-420.670398270964
-420.670417867718
-420.670436836288
-420.670454389031
-420.670471155248
-420.670489409927
-420.670510164180
-420.670532395357
-420.670325004919
-420.670347778998
-420.670368641923
-420.670387535122
-420.670405425890
-420.670422732439
-420.670439167167
-420.670455402172
-420.670472688023
-420.670490736878
-420.670327826299
-420.670345658832
-420.670362893292
-420.670380307507
-420.670397894748
-420.670415260349
-420.670431904624
-420.670447563517
-420.670462635231
-420.670478796612
-420.670321663147
-420.670339770862
-420.670358616881
-420.670377734211
-420.670394501818
-420.670408084051
-420.670420214564
-420.670432385486
-420.670445028213
-420.670458862203
-420.670309577864
-420.670328068211
-420.670345445666
-420.670361105956
-420.670376129307
-420.670391377394
-420.670406847882
-420.670422862527
-420.670440387057
-420.670459834736
-420.670267885395
-420.670289645632
-420.670309736098
-420.670327610206
-420.670344263848
-420.670360548836
-420.670377851090
-420.670397145755
-420.670418300349
-420.670440272602
-420.670240098234
-420.670262719007
-420.670285759365
-420.670308754476
-420.670331936961
-420.670355288849
-420.670377372619
-420.670397393984
-420.670415859747
-420.670432434247
-420.670284927884
-420.670303209475
-420.670323053479
-420.670343165546
-420.670362945062
-420.670382054983
-420.670399052325
-420.670413451077
-420.670427369965
-420.670442957135
-420.670280812419
-420.670300759320
-420.670321843028
-420.670343357837
-420.670363787438
-420.670382525839
-420.670400063836
-420.670415952644
-420.670429255403
-420.670441049529
-420.670332208514
-420.670344074629
-420.670354921954
-420.670365446208
-420.670375000549
-420.670383631592
-420.670392953716
-420.670404703697
-420.670419131704
-420.670435049077
-420.670279335231
-420.670298470650
-420.670317755157
-420.670336172762
-420.670353085212
-420.670368175610
-420.670382737307
-420.670397288765
-420.670410937247
-420.670423398223
-420.670310808274
-420.670324160482
-420.670337512400
-420.670350346277
-420.670362748959
-420.670375882671
-420.670390334257
-420.670405429094
-420.670420182677
-420.670434445925
-420.670301204423
-420.670316633652
-420.670332168518
-420.670347806466
-420.670363159084
-420.670378019129
-420.670391924984
-420.670403528110
-420.670413212467
-420.670422722443
-420.670323583440
-420.670337021121
-420.670352000287
-420.670366626862
-420.670379522925
-420.670391049337
-420.670402229942
-420.670413645883
-420.670426605764
-420.670442393333
-420.670264491781
-420.670287005473
-420.670309396011
-420.670330091787
-420.670348793554
-420.670366687339
-420.670384385393
-420.670400621495
-420.670415784993
-420.670430716987
-420.670298903073
-420.670313261260
-420.670327140155
-420.670340237109
-420.670352633213
-420.670364325835
-420.670376026083
-420.670388102211
-420.670400079723
-420.670411695733
-420.670300785639
-420.670313953520
-420.670326459972
-420.670338070825
-420.670350245048
-420.670364248939
-420.670380072041
-420.670396739220
-420.670413028860
-420.670427543234
-420.670311143670
-420.670324059193
-420.670337285629
-420.670350461585
-420.670363201083
-420.670375494323
-420.670387414710
-420.670397923889
-420.670405837946
-420.670412660581
-420.670350932330
-420.670357385465
-420.670363214187
-420.670369231164
-420.670376205054
-420.670384551933
-420.670393081895
-420.670400858734
-420.670407840470
-420.670414877321
-420.670334759605
-420.670345669160
-420.670357334652
-420.670369599532
-420.670381259982
-420.670391418323
-420.670401135326
-420.670410757144
-420.670418648500
-420.670424523766
-420.670378253059
-420.670383863159
-420.670390687532
-420.670399500186
-420.670410175822
-420.670421197638
-420.670431230495
-420.670439856055
-420.670447615502
-420.670456009781
-420.670362607388
-420.670373093415
-420.670382150258
-420.670390521765
-420.670399435124
-420.670408723379
-420.670417011732
-420.670423214468
-420.670428192206
-420.670432214541
-420.670401867080
-420.670405506161
-420.670409812578
-420.670414126128
-420.670418693572
-420.670423557485
-420.670428297790
-420.670432971233
-420.670439400734
-420.670448312650
-420.670367375733
-420.670374738470
-420.670382483415
-420.670391695605
-420.670400809624
-420.670409765683
-420.670419088806
-420.670428571418
-420.670439041525
-420.670450992374
-420.670341075860
-420.670352204818
-420.670362180648
-420.670372254971
-420.670382390589
-420.670391906962
-420.670400893814
-420.670409677346
-420.670417977911
-420.670426188756
-420.670349830386
-420.670359302853
-420.670369160082
-420.670379296574
-420.670390847106
-420.670404164311
-420.670418124419
-420.670431526085
-420.670443521404
-420.670453469295
-420.670380883944
-420.670388280588
-420.670395458486
-420.670403002976
-420.670411543416
-420.670420904815
-420.670430049806
-420.670438301155
-420.670445244828
-420.670450667776
-420.670413355034
-420.670417026488
-420.670420844372
-420.670424978798
-420.670429988855
-420.670435815510
-420.670442569822
-420.670449443457
-420.670455260483
-420.670460047236
-420.670416252567
-420.670421309904
-420.670426421785
-420.670430763618
-420.670432718108
-420.670432113273
-420.670431340508
-420.670431574226
-420.670432427600
-420.670433875859
-420.670420162660
-420.670419583356
-420.670416375056
-420.670412350679
-420.670408977730
-420.670406773424
-420.670406199379
-420.670406426134
-420.670406332357
-420.670405734569
-420.670411855109
-420.670411818282
-420.670412456501
-420.670413198583
-420.670413845858
-420.670414261254
-420.670414115822
-420.670413230186
-420.670411943071
-420.670410161135
-420.670428793675
-420.670427361206
-420.670426546797
-420.670425959425
-420.670425714154
-420.670426410636
-420.670427578084
-420.670428370419
-420.670428521618
-420.670428755548
-420.670418172431
-420.670421522494
-420.670427667025
-420.670435886265
-420.670444458302
-420.670452957918
-420.670461316355
-420.670468929009
-420.670474843940
-420.670479168234
-420.670452296041
-420.670454827322
-420.670458202835
-420.670462505602
-420.670466785211
-420.670470653744
-420.670474616318
-420.670479873371
-420.670487622111
-420.670497391907
-420.670399449046
-420.670410048983
-420.670418731050
-420.670425325724
-420.670430320034
-420.670434501387
-420.670439528535
-420.670446713653
-420.670455810863
-420.670464645536
-420.670402793570
-420.670407043478
-420.670407503203
-420.670404168328
-420.670399149305
-420.670394721544
-420.670392040147
-420.670390550555
-420.670389287199
-420.670387429428
-420.670410861245
-420.670407320433
-420.670403437299
-420.670401007741
-420.670400537279
-420.670400665689
-420.670399850116
-420.670396575593
-420.670390471735
-420.670381779027
-420.670472621837
-420.670463004386
-420.670454355678
-420.670447360513
-420.670442399281
-420.670438060103
-420.670433196390
-420.670427900838
-420.670422748446
-420.670418503096
-420.670453624664
-420.670449193484
-420.670444486956
-420.670439874487
-420.670434606573
-420.670429740654
-420.670426340800
-420.670423244783
-420.670419850930
-420.670416845445
-420.670442708484
-420.670438927621
-420.670434563820
-420.670430994000
-420.670427805442
-420.670424148977
-420.670420893329
-420.670418728129
-420.670418039309
-420.670419982920
-420.670384546207
-420.670389108826
-420.670393204910
-420.670395828421
-420.670396639489
-420.670395953886
-420.670394598591
-420.670393393029
-420.670393030367
-420.670393389856
-420.670385780550
-420.670386787949
-420.670387926325
-420.670389223931
-420.670389631420
-420.670387658796
-420.670383143024
-420.670376723901
-420.670369824858
-420.670363146967
-420.670413266140
-420.670409849525
-420.670407648890
-420.670405504760
-420.670404229995
-420.670403470286
-420.670402231708
-420.670400310908
-420.670397739191
-420.670394903095
-420.670420349437
-420.670417150624
-420.670413380743
-420.670408789106
-420.670403226980
-420.670397002999
-420.670390601194
-420.670384957253
-420.670381367953
-420.670379655327
-420.670392285338
-420.670390394882
-420.670387592244
-420.670383330027
-420.670377734387
-420.670372294687
-420.670369324765
-420.670369574257
-420.670370782683
-420.670371790791
-420.670361174395
-420.670362269543
-420.670362213651
-420.670361598088
-420.670360687465
-420.670357819680
-420.670352784542
-420.670347526061
-420.670342590744
-420.670338528528
-420.670355157482
-420.670354439285
-420.670352553505
-420.670349329386
-420.670345085636
-420.670339733442
-420.670332641250
-420.670323440898
-420.670313017242
-420.670303283701
-420.670379828273
-420.670372804114
-420.670367112852
-420.670360867588
-420.670353375089
-420.670345971692
-420.670339232978
-420.670332659126
-420.670325848466
-420.670318600151
-420.670391297923
-420.670382893448
-420.670375139495
-420.670368194045
-420.670360950696
-420.670352333764
-420.670342152992
-420.670330979346
-420.670319642653
-420.670308616856
-420.670396185931
-420.670387666607
-420.670380320748
-420.670374696707
-420.670370313031
-420.670365919649
-420.670361632523
-420.670357735775
-420.670353820892
-420.670350113840
-420.670380309689
-420.670376336323
-420.670371652113
-420.670367247509
-420.670363415203
-420.670359322048
-420.670354765878
-420.670350285741
-420.670345643197
-420.670340209974
-420.670389771916
-420.670384401416
-420.670378830001
-420.670373527081
-420.670368194768
-420.670361970748
-420.670355643996
-420.670350066842
-420.670344438442
-420.670337816540
-420.670401689472
-420.670395323637
-420.670389682491
-420.670384017324
-420.670378109585
-420.670372809167
-420.670368541662
-420.670365101769
-420.670361592137
-420.670357648691
-420.670397328483
-420.670393309837
-420.670390511378
-420.670388684936
-420.670386639160
-420.670384457861
-420.670382266900
-420.670379696804
-420.670375905673
-420.670370106364
-420.670434138521
-420.670426150145
-420.670416874538
-420.670407488112
-420.670398899258
-420.670390838516
-420.670384080699
-420.670378697340
-420.670372763306
-420.670365467756
-420.670436889927
-420.670429337338
-420.670422196387
-420.670413865968
-420.670404214872
-420.670394541624
-420.670385694209
-420.670377737552
-420.670370530673
-420.670363415504
-420.670431875955
-420.670423157227
-420.670414599841
-420.670408080778
-420.670403000231
-420.670397288962
-420.670390005163
-420.670380968900
-420.670370369027
-420.670359052487
-420.670451317245
-420.670442927340
-420.670435660292
-420.670428925101
-420.670421893649
-420.670413562351
-420.670404770196
-420.670396578714
-420.670387250285
-420.670376598198
-420.670463858060
-420.670456339391
-420.670450334041
-420.670444620507
-420.670438796292
-420.670432603702
-420.670424905249
-420.670417139642
-420.670411539658
-420.670407505611
-420.670437486704
-420.670435209668
-420.670433587721
-420.670431501074
-420.670428100825
-420.670423841212
-420.670419912961
-420.670416816785
-420.670414140768
-420.670412035517
-420.670427559788
-420.670425122312
-420.670421792185
-420.670418311600
-420.670415526368
-420.670412663961
-420.670408149812
-420.670401612250
-420.670394450179
-420.670387854319
-420.670440065925
-420.670434578416
-420.670429810966
-420.670425672149
-420.670421156489
-420.670416184294
-420.670411007315
-420.670405688837
-420.670400751799
-420.670395892171
-420.670440128712
-420.670435685265
-420.670431512065
-420.670427468762
-420.670423789221
-420.670419872367
-420.670415000668
-420.670409515908
-420.670403352244
-420.670397077168
-420.670442904989
-420.670438147245
-420.670432436815
-420.670426130452
-420.670419697232
-420.670413184018
-420.670406282641
-420.670399683515
-420.670394218055
-420.670389390722
-420.670434619223
-420.670429329944
-420.670423738573
-420.670417945730
-420.670412057390
-420.670406590933
-420.670400457052
-420.670392855055
-420.670384880668
-420.670377397108
-420.670441138232
-420.670433883156
-420.670426317033
-420.670418965943
-420.670412494740
-420.670406941398
-420.670402018691
-420.670398050571
-420.670394664100
-420.670391081094
-420.670415796863
-420.670414263318
-420.670413129645
-420.670412148962
-420.670410910817
-420.670408958867
-420.670406300963
-420.670403027292
-420.670399250517
-420.670394776824
-420.670430312320
-420.670427673782
-420.670424533634
-420.670419599634
-420.670413623062
-420.670407691783
-420.670402676557
-420.670398416683
-420.670393406148
-420.670387359550
-420.670435782075
-420.670431793997
-420.670428533369
-420.670425582584
-420.670423119030
-420.670421662897
-420.670421443410
-420.670421847635
-420.670421286867
-420.670418990524
-420.670446547510
-420.670443323473
-420.670439850715
-420.670436881148
-420.670434538144
-420.670432744399
-420.670431733079
-420.670430813122
-420.670428731849
-420.670424700317
-420.670467620736
-420.670463918604
-420.670461194270
-420.670459579813
-420.670460262200
-420.670461884513
-420.670462068998
-420.670461294645
-420.670460416035
-420.670458945511
-420.670474679849
-420.670473653193
-420.670473854925
-420.670474544410
-420.670474929777
-420.670475582260
-420.670476159843
-420.670475639938
-420.670474647931
-420.670473456698
-420.670481081257
-420.670481304689
-420.670482884846
-420.670485371838
-420.670488098598
-420.670490896568
-420.670493524176
-420.670495336770
-420.670497536751
-420.670501124778
-420.670463886053
-420.670467701344
-420.670470679570
-420.670472479559
-420.670473546922
-420.670473874847
-420.670474030644
-420.670475029252
-420.670476125008
-420.670476828047
-420.670466917108
-420.670467972184
-420.670468725466
-420.670469857359
-420.670469854362
-420.670467850921
-420.670465382473
-420.670463278695
-420.670461543316
-420.670460539007
-420.670462539504
-420.670462824079
-420.670462286297
-420.670461017315
-420.670459192008
-420.670457030849
-420.670455218296
-420.670455098569
-420.670455924383
-420.670455603520
-420.670472887351
-420.670470821917
-420.670468980706
-420.670467304556
-420.670466439141
-420.670466410284
-420.670466113866
-420.670465434633
-420.670464491293
-420.670463010033
-420.670471737916
-420.670471288863
-420.670470383834
-420.670469588320
-420.670469335515
-420.670469732130
-420.670470565595
-420.670470867829
-420.670471504888
-420.670473108778
-420.670452380128
-420.670455726039
-420.670461264147
-420.670467653249
-420.670472737669
-420.670476295685
-420.670479901851
-420.670484518907
-420.670490583191
-420.670497773340
-420.670420069490
-420.670429002376
-420.670436938408
-420.670444283728
-420.670451628670
-420.670459063620
-420.670466292010
-420.670473007619
-420.670479207627
-420.670484678598
-420.670433428287
-420.670440368753
-420.670448174234
-420.670456935313
-420.670466181685
-420.670475185470
-420.670483586842
-420.670491504897
-420.670499440584
-420.670507732759
-420.670428543127
-420.670438398841
-420.670448006516
-420.670456043797
-420.670463697037
-420.670472159453
-420.670479938463
-420.670486740969
-420.670492770174
-420.670497736983
-420.670455886340
-420.670461143454
-420.670466731438
-420.670472458364
-420.670478138839
-420.670483700454
-420.670488958728
-420.670492777969
-420.670495775991
-420.670499988101
-420.670447106917
-420.670453775045
-420.670461375274
-420.670469640639
-420.670476910552
-420.670482251749
-420.670486647926
-420.670490338731
-420.670493374253
-420.670497510078
-420.670438804268
-420.670446659742
-420.670454468778
-420.670461517199
-420.670467516758
-420.670472393544
-420.670476485858
-420.670481561402
-420.670487918983
-420.670493566381
-420.670442226905
-420.670449244286
-420.670456588715
-420.670464237125
-420.670471781711
-420.670478528293
-420.670484348148
-420.670489652796
-420.670495440590
-420.670501486807
-420.670449824478
-420.670456207540
-420.670463343372
-420.670470409550
-420.670477122086
-420.670484447671
-420.670492580139
-420.670500523896
-420.670508279903
-420.670516660538
-420.670433774422
-420.670442654326
-420.670451487862
-420.670461235080
-420.670470912158
-420.670479437380
-420.670487390796
-420.670495722216
-420.670504053959
-420.670511630484
-420.670437598178
-420.670446363301
-420.670453924882
-420.670461156510
-420.670468859753
-420.670476717122
-420.670485580484
-420.670496058143
-420.670507255107
-420.670517578914
-420.670433899338
-420.670443126144
-420.670451546211
-420.670458423881
-420.670465241294
-420.670473030763
-420.670481628099
-420.670491477420
-420.670502117081
-420.670512683212
-420.670425312050
-420.670433751153
-420.670441779267
-420.670450084205
-420.670458521543
-420.670468230498
-420.670478840938
-420.670489145903
-420.670498991369
-420.670508548074
-420.670424321658
-420.670433592848
-420.670443048755
-420.670452638143
-420.670461818868
-420.670470410569
-420.670477885538
-420.670483964930
-420.670489967688
-420.670497093178
-420.670421153310
-420.670431359045
-420.670443316595
-420.670455607419
-420.670467501993
-420.670478941540
-420.670490131074
-420.670502066457
-420.670514511740
-420.670526757486
-420.670411723753
-420.670424515584
-420.670436898840
-420.670449063151
-420.670460948704
-420.670473240223
-420.670486688916
-420.670500529183
-420.670514436814
-420.670527797618
-420.670417421680
-420.670428455983
-420.670438795956
-420.670449178473
-420.670459587567
-420.670470431719
-420.670482228138
-420.670493931919
-420.670504910197
-420.670514540059
-420.670439383222
-420.670448367334
-420.670459721034
-420.670473183956
-420.670487362866
-420.670501647078
-420.670515841953
-420.670529370764
-420.670541727289
-420.670553678909
-420.670438365662
-420.670450667504
-420.670460948514
-420.670470829043
-420.670481442785
-420.670492321431
-420.670503181302
-420.670514761526
-420.670527136931
-420.670538617008
-420.670448988661
-420.670458938856
-420.670467878655
-420.670474909387
-420.670482249785
-420.670491039697
-420.670500696661
-420.670512119288
-420.670525942661
-420.670539808421
-420.670428746828
-420.670440776575
-420.670453444272
-420.670466776197
-420.670481257248
-420.670496626851
-420.670511488493
-420.670525434392
-420.670538242620
-420.670550381132
-420.670441002259
-420.670452819185
-420.670465093817
-420.670477837001
-420.670488854902
-420.670498482358
-420.670509426577
-420.670522242442
-420.670536098346
-420.670550415681
-420.670429066780
-420.670440894995
-420.670451279681
-420.670461428343
-420.670471886547
-420.670482430893
-420.670493260282
-420.670505537568
-420.670519244839
-420.670534065672
-420.670398185485
-420.670411859194
-420.670423964283
-420.670435500256
-420.670447613000
-420.670460214766
-420.670471916936
-420.670483487614
-420.670496761582
-420.670510776818
-420.670385853645
-420.670399631987
-420.670413064400
-420.670425059262
-420.670435413435
-420.670445038453
-420.670453207998
-420.670459741594
-420.670468395723
-420.670480404117
-420.670359964346
-420.670372722603
-420.670383462566
-420.670392496027
-420.670401396336
-420.670410731726
-420.670420563690
-420.670430288304
-420.670440290266
-420.670451646271
-420.670345106501
-420.670356147647
-420.670367617766
-420.670380263028
-420.670392623140
-420.670404802439
-420.670417179590
-420.670428482713
-420.670437835545
-420.670446289418
-420.670366994406
-420.670375923642
-420.670384102444
-420.670391845853
-420.670399500229
-420.670407691522
-420.670416390679
-420.670424883845
-420.670433940537
-420.670443913271
-420.670342556311
-420.670356122101
-420.670371100623
-420.670386203749
-420.670400673265
-420.670413728317
-420.670425839911
-420.670437249287
-420.670448612978
-420.670461289557
-420.670342701195
-420.670356007870
-420.670370572095
-420.670385751342
-420.670400335278
-420.670414222881
-420.670427955384
-420.670442226331
-420.670455839952
-420.670468280767
-420.670358835706
-420.670369713189
-420.670378425844
-420.670387047984
-420.670396503209
-420.670406088295
-420.670416004663
-420.670426616388
-420.670436729687
-420.670446456772
-420.670349299275
-420.670361340918
-420.670373771758
-420.670387401145
-420.670401951325
-420.670415205598
-420.670426871850
-420.670437705815
-420.670448352475
-420.670459363424
-420.670363906693
-420.670373410302
-420.670382374500
-420.670390058776
-420.670397588244
-420.670406930150
-420.670416604284
-420.670425368654
-420.670434149540
-420.670444513287
-420.670331253209
-420.670344740069
-420.670359213509
-420.670374601582
-420.670389832975
-420.670404469441
-420.670418682825
-420.670433543135
-420.670449928904
-420.670465993661
-420.670334706151
-420.670348098311
-420.670360742082
-420.670373203517
-420.670385950502
-420.670398396918
-420.670409971064
-420.670421425330
-420.670432707258
-420.670443772745
-420.670328326979
-420.670342939087
-420.670357239981
-420.670371513354
-420.670386663763
-420.670400458533
-420.670412584698
-420.670425825992
-420.670440254727
-420.670453814351
-420.670337056057
-420.670349393094
-420.670361112921
-420.670372185832
-420.670382192813
-420.670392037360
-420.670401931451
-420.670411710512
-420.670422734513
-420.670434468884
-420.670336320952
-420.670346289004
-420.670355807303
-420.670365224093
-420.670374836884
-420.670384686873
-420.670393836860
-420.670402001452
-420.670410782025
-420.670419586489
-420.670359572864
-420.670363719964
-420.670366479505
-420.670370000970
-420.670375500805
-420.670382181133
-420.670389068820
-420.670396537881
-420.670404107976
-420.670411826829
-420.670335470857
-420.670343847393
-420.670350816681
-420.670356948291
-420.670364314338
-420.670373225735
-420.670381157872
-420.670387319962
-420.670393492713
-420.670400245154
-420.670333011850
-420.670341701102
-420.670349871702
-420.670356386577
-420.670361746655
-420.670366683539
-420.670371861338
-420.670377674217
-420.670385237567
-420.670395733515
-420.670290226249
-420.670301577578
-420.670311900496
-420.670320206869
-420.670326800518
-420.670334709910
-420.670345464567
-420.670355859933
-420.670364379334
-420.670373618995
-420.670284966191
-420.670293940220
-420.670301807722
-420.670309199719
-420.670316960897
-420.670325264480
-420.670333347201
-420.670342676036
-420.670353300121
-420.670362708805
-420.670279032560
-420.670290193106
-420.670301470692
-420.670312284339
-420.670323983709
-420.670335959371
-420.670347982018
-420.670360752388
-420.670373221409
-420.670383928753
-420.670300953815
-420.670309526851
-420.670317502849
-420.670325611360
-420.670334241713
-420.670342834902
-420.670351206780
-420.670358966787
-420.670367114532
-420.670377135905
-420.670283975698
-420.670293258934
-420.670301831086
-420.670309401206
-420.670316049801
-420.670323062886
-420.670331610637
-420.670342069220
-420.670353147512
-420.670363820949
-420.670268512139
-420.670278655015
-420.670289199807
-420.670300378865
-420.670310765836
-420.670320746418
-420.670330224512
-420.670338475760
-420.670347716332
-420.670359452238
-420.670240661642
-420.670253129711
-420.670263891919
-420.670274351818
-420.670285860598
-420.670297821704
-420.670309537885
-420.670320543235
-420.670328829332
-420.670333372540
-420.670291923708
-420.670298458459
-420.670304919604
-420.670311403805
-420.670319431024
-420.670327391361
-420.670334266939
-420.670341717541
-420.670348115361
-420.670352531156
-420.670312616981
-420.670317670829
-420.670323576791
-420.670329365067
-420.670334845078
-420.670341168391
-420.670347125356
-420.670352331922
-420.670357941328
-420.670364503165
-420.670291811358
-420.670299773792
-420.670306104358
-420.670310368489
-420.670312731067
-420.670314742331
-420.670318075294
-420.670323214002
-420.670329254573
-420.670335130707
-420.670283375783
-420.670287855311
-420.670289637236
-420.670290818200
-420.670294334855
-420.670299538977
-420.670305798589
-420.670313623577
-420.670322241254
-420.670330646572
-420.670248589822
-420.670259904288
-420.670271727266
-420.670281826425
-420.670290818096
-420.670298472120
-420.670303587511
-420.670308533432
-420.670314180396
-420.670319557370
-420.670275255178
-420.670279128060
-420.670282654994
-420.670286656171
-420.670290582349
-420.670294581112
-420.670297587149
-420.670298406803
-420.670299075867
-420.670301363307
-420.670258404520
-420.670265938537
-420.670274871867
-420.670282333620
-420.670288247112
-420.670295511919
-420.670303414724
-420.670310554584
-420.670317944786
-420.670325105676
-420.670261596016
-420.670269532150
-420.670276490949
-420.670282675719
-420.670289154378
-420.670294660139
-420.670299728732
-420.670304637444
-420.670308159683
-420.670311725578
-420.670262976237
-420.670267339301
-420.670269435673
-420.670271804195
-420.670274313033
-420.670276230076
-420.670280093062
-420.670287434201
-420.670294173204
-420.670297786492
-420.670274175436
-420.670277546678
-420.670282613318
-420.670288383932
-420.670294731631
-420.670302443892
-420.670309555935
-420.670314962841
-420.670319949968
-420.670324439451
-420.670288124069
-420.670292045329
-420.670295439173
-420.670297592396
-420.670297907874
-420.670298276591
-420.670299002080
-420.670299340393
-420.670301060343
-420.670304254720
-420.670273866426
-420.670278371912
-420.670283758875
-420.670288180279
-420.670291024298
-420.670292481193
-420.670293097736
-420.670293943290
-420.670295591714
-420.670297515079
-420.670278565129
-420.670279869001
-420.670280364872
-420.670282661846
-420.670287339965
-420.670291792354
-420.670295506355
-420.670299228828
-420.670302354888
-420.670305536530
-420.670272519663
-420.670275531812
-420.670279142054
-420.670283002444
-420.670286394971
-420.670290733443
-420.670294353775
-420.670295337572
-420.670295565636
-420.670297051072
-420.670256599424
-420.670264425861
-420.670273224077
-420.670280866234
-420.670286632379
-420.670291389511
-420.670295289723
-420.670299012499
-420.670303761202
-420.670309696286
-420.670243122261
-420.670251146984
-420.670259325475
-420.670266617153
-420.670270903764
-420.670273472508
-420.670278224049
-420.670284058517
-420.670289705742
-420.670296258452
-420.670239890202
-420.670244068292
-420.670246962356
-420.670248825692
-420.670249073804
-420.670249784667
-420.670252559799
-420.670256179282
-420.670258652506
-420.670260446541
-420.670253515131
-420.670252495620
-420.670251023750
-420.670250140162
-420.670249553299
-420.670249142598
-420.670247887216
-420.670245558483
-420.670243262738
-420.670240571178
-420.670267263703
-420.670265642687
-420.670265654647
-420.670265229113
-420.670264315170
-420.670264097396
-420.670262173451
-420.670258728411
-420.670255589862
-420.670251711842
-420.670287168248
-420.670282638436
-420.670277146796
-420.670272011140
-420.670266613612
-420.670260476877
-420.670254832895
-420.670249548573
-420.670243948686
-420.670239032609
-420.670285644634
-420.670278489861
-420.670271622435
-420.670266085699
-420.670259435729
-420.670252802872
-420.670245678138
-420.670236385417
-420.670226158102
-420.670217844851
-420.670273751818
-420.670269038903
-420.670264838748
-420.670259700089
-420.670255544083
-420.670252510903
-420.670248761287
-420.670244463387
-420.670240448801
-420.670237453860
-420.670246895524
-420.670246673634
-420.670245274088
-420.670241221109
-420.670234910014
-420.670228197337
-420.670221695440
-420.670215008654
-420.670207766285
-420.670200883628
-420.670268250426
-420.670260333750
-420.670254867438
-420.670251905283
-420.670248550802
-420.670244691381
-420.670240664588
-420.670235661396
-420.670230694182
-420.670227318596
-420.670250247786
-420.670247207121
-420.670244300597
-420.670242266172
-420.670240102985
-420.670238140672
-420.670236071878
-420.670232123327
-420.670227269126
-420.670223602374
-420.670248859752
-420.670247116474
-420.670247081448
-420.670246627763
-420.670243266882
-420.670237599443
-420.670231430060
-420.670225379582
-420.670219954152
-420.670216056697
-420.670242573024
-420.670238694929
-420.670232665674
-420.670225365609
-420.670216630031
-420.670207007814
-420.670199084664
-420.670192307916
-420.670184868789
-420.670178229346
-420.670228655023
-420.670224093780
-420.670219874754
-420.670214084565
-420.670207172317
-420.670200001511
-420.670192086298
-420.670184102565
-420.670177418097
-420.670170671841
-420.670236820783
-420.670229506181
-420.670221503345
-420.670212348620
-420.670203260788
-420.670194042712
-420.670184504909
-420.670176297180
-420.670169590362
-420.670164712683
-420.670198931935
-420.670194130004
-420.670186937171
-420.670178156568
-420.670168325499
-420.670158724693
-420.670149273373
-420.670139012413
-420.670128140687
-420.670117803829
-420.670202735769
-420.670192827323
-420.670182671709
-420.670172692009
-420.670162646961
-420.670152167436
-420.670141114811
-420.670129316065
-420.670118498949
-420.670108382188
-420.670205159958
-420.670194580066
-420.670183807182
-420.670172613112
-420.670161882375
-420.670152044379
-420.670141223178
-420.670128984475
-420.670116335935
-420.670103870282
-420.670201828429
-420.670192285709
-420.670180860355
-420.670168280463
-420.670155705907
-420.670141800207
-420.670128054963
-420.670115152424
-420.670101722790
-420.670089613347
-420.670170647660
-420.670161570321
-420.670150696612
-420.670138570318
-420.670124765923
-420.670109861687
-420.670094998231
-420.670080007017
-420.670064925799
-420.670049925356
-420.670190001041
-420.670174393358
-420.670158504185
-420.670141059411
-420.670123307736
-420.670106430743
-420.670089666398
-420.670072734626
-420.670055183512
-420.670036724680
-420.670202202584
-420.670183543890
-420.670164266112
-420.670144880504
-420.670124849342
-420.670104941079
-420.670085496802
-420.670065731319
-420.670046462502
-420.670028382407
-420.670181373350
-420.670164610679
-420.670148309644
-420.670132673204
-420.670117261448
-420.670102056615
-420.670085618810
-420.670066134475
-420.670044343351
-420.670022808590
-420.670193020693
-420.670176028026
-420.670158929382
-420.670140836176
-420.670121103102
-420.670100200050
-420.670079114905
-420.670058407473
-420.670038701548
-420.670020436519
-420.670175433878
-420.670159068429
-420.670142168877
-420.670124878395
-420.670108254078
-420.670090398740
-420.670071467468
-420.670053007227
-420.670034543055
-420.670015497220
-420.670182720797
-420.670164155084
-420.670145178635
-420.670126116529
-420.670107251343
-420.670088611770
-420.670069646911
-420.670048324782
-420.670025840611
-420.670005030517
-420.670190528573
-420.670169726285
-420.670149969623
-420.670131305251
-420.670114210059
-420.670098869820
-420.670083274650
-420.670067134431
-420.670050428743
-420.670032450704
-420.670190116390
-420.670173130343
-420.670155606471
-420.670138519356
-420.670121840279
-420.670103872977
-420.670085104785
-420.670065758315
-420.670046359507
-420.670029053411
-420.670159359433
-420.670145452185
-420.670132135728
-420.670118787692
-420.670102661901
-420.670084672177
-420.670065319288
-420.670045152084
-420.670027161421
-420.670011804728
-420.670144634348
-420.670129888847
-420.670114945840
-420.670098531075
-420.670080202756
-420.670060738447
-420.670040236390
-420.670019099140
-420.669999382424
-420.669981151329
-420.670134103698
-420.670117269402
-420.670100276909
-420.670083937425
-420.670068117490
-420.670051964546
-420.670035757344
-420.670019647904
-420.670003336039
-420.669986719272
-420.670140923093
-420.670122826561
-420.670104258494
-420.670086700223
-420.670069827536
-420.670052999968
-420.670035793426
-420.670017197691
-420.669998435733
-420.669981397459
-420.670121869195
-420.670107394502
-420.670093752013
-420.670079023489
-420.670062584512
-420.670045158955
-420.670026932586
-420.670007690763
-420.669988558481
-420.669970283704
-420.670129830183
-420.670111566732
-420.670092992871
-420.670074865329
-420.670056689909
-420.670036900966
-420.670016121197
-420.669995428206
-420.669974865269
-420.669955569918
-420.670124184744
-420.670103909457
-420.670082906124
-420.670063357050
-420.670045835284
-420.670029989538
-420.670014334920
-420.669996636976
-420.669977460448
-420.669958127633
-420.670132605207
-420.670113437173
-420.670095230927
-420.670077488972
-420.670059785511
-420.670041571235
-420.670022679163
-420.670004435316
-420.669987794412
-420.669971601401
-420.670113610733
-420.670096418379
-420.670076765083
-420.670057331192
-420.670038863717
-420.670020399503
-420.670001308176
-420.669981309273
-420.669960969158
-420.669941817796
-420.670096843147
-420.670080293688
-420.670064122951
-420.670047582321
-420.670029638388
-420.670011968288
-420.669995097925
-420.669978145539
-420.669962369522
-420.669946834357
-420.670087962472
-420.670072701943
-420.670056546914
-420.670038678773
-420.670020687991
-420.670003671112
-420.669987387759
-420.669972021545
-420.669956759788
-420.669939837767
-420.670089447934
-420.670073538538
-420.670056524222
-420.670038510625
-420.670019519165
-420.670000000986
-420.669982273605
-420.669966831149
-420.669952667339
-420.669939644606
-420.670054611825
-420.670040958330
-420.670027601960
-420.670014454967
-420.670001001405
-420.669987615302
-420.669974453461
-420.669960609431
-420.669946313295
-420.669932398564
-420.670051514831
-420.670039473169
-420.670027899319
-420.670015761480
-420.670003340663
-420.669990616423
-420.669978055825
-420.669965571100
-420.669952361024
-420.669938858444
-420.670053655305
-420.670041262679
-420.670029126549
-420.670017142413
-420.670003915472
-420.669988986682
-420.669975114797
-420.669963854940
-420.669953933332
-420.669943480515
-420.670038471155
-420.670028100829
-420.670017931381
-420.670007524671
-420.669996437793
-420.669984845659
-420.669972997030
-420.669961850381
-420.669951607840
-420.669940520164
-420.670040264978
-420.670031128741
-420.670023135781
-420.670015053860
-420.670007027993
-420.669998327244
-420.669988905682
-420.669980205607
-420.669971827712
-420.669961799429
-420.670051504276
-420.670041926757
-420.670032037971
-420.670023319047
-420.670016136209
-420.670009263793
-420.670001555432
-420.669992428198
-420.669982738334
-420.669973337972
-420.670050472674
-420.670043198608
-420.670036610789
-420.670029148006
-420.670021096347
-420.670013536051
-420.670005790086
-420.669998179991
-420.669991153149
-420.669982599485
-420.670061811485
-420.670054683151
-420.670047913979
-420.670040788598
-420.670033284791
-420.670023867955
-420.670013633058
-420.670004433016
-420.669995343626
-420.669985727905
-420.670061096076
-420.670053491982
-420.670046022060
-420.670039271401
-420.670032912004
-420.670026931286
-420.670021520259
-420.670015549266
-420.670008151319
-420.669999168937
-420.670082105441
-420.670074466710
-420.670067578411
-420.670059365767
-420.670050667709
-420.670041727487
-420.670032417844
-420.670023789190
-420.670015557001
-420.670006249666
-420.670091572923
-420.670082833843
-420.670073638765
-420.670064549028
-420.670056378523
-420.670047172600
-420.670036991093
-420.670026599968
-420.670015633142
-420.670005378649
-420.670073163930
-420.670067354989
-420.670061032570
-420.670053894857
-420.670045918284
-420.670037146737
-420.670028822675
-420.670021014491
-420.670013187781
-420.670005177322
-420.670060962118
-420.670056909593
-420.670053480998
-420.670050196021
-420.670047462290
-420.670044362469
-420.670039646033
-420.670034652045
-420.670030091727
-420.670025361793
-420.670060621677
-420.670056602495
-420.670051239790
-420.670045781665
-420.670041659452
-420.670038930276
-420.670036800472
-420.670034073154
-420.670029978657
-420.670025806106
-420.670053348172
-420.670050147433
-420.670046635043
-420.670043229829
-420.670040323040
-420.670038350938
-420.670036247764
-420.670033131322
-420.670030312030
-420.670027403022
-420.670062890257
-420.670059121317
-420.670056094199
-420.670053618703
-420.670051587659
-420.670049291350
-420.670045904054
-420.670042157036
-420.670039184247
-420.670036511192
-420.670052024974
-420.670051314655
-420.670050242279
-420.670048978457
-420.670047845882
-420.670046290721
-420.670044924474
-420.670042918397
-420.670039250623
-420.670034582364
-420.670070763525
-420.670068470196
-420.670067383622
-420.670065593029
-420.670062193381
-420.670058216584
-420.670055058995
-420.670052770244
-420.670050552042
-420.670047387399
-420.670079546920
-420.670077198307
-420.670074999423
-420.670072107813
-420.670069833141
-420.670068111848
-420.670066277219
-420.670064859892
-420.670062703390
-420.670059114429
-420.670086951448
-420.670084613072
-420.670082526407
-420.670081210924
-420.670080619981
-420.670080150973
-420.670079487417
-420.670078173173
-420.670076274800
-420.670075059300
-420.670075451506
-420.670075552147
-420.670075274231
-420.670073739165
-420.670071426707
-420.670070065807
-420.670068908482
-420.670067535329
-420.670066935576
-420.670066863937
-420.670061674262
-420.670062776261
-420.670062340539
-420.670059823096
-420.670056915306
-420.670054823159
-420.670053543589
-420.670053105762
-420.670053011944
-420.670052084865
-420.670070299312
-420.670067886502
-420.670066021109
-420.670064767082
-420.670063172575
-420.670062045877
-420.670061922921
-420.670061997727
-420.670062799324
-420.670063557878
-420.670073998536
-420.670072005970
-420.670070621669
-420.670069253766
-420.670067144897
-420.670064874681
-420.670062238348
-420.670060010373
-420.670058506709
-420.670056078347
-420.670085803388
-420.670083775820
-420.670083016163
-420.670082600797
-420.670083000540
-420.670083736819
-420.670084054386
-420.670083917317
-420.670083454693
-420.670083452281
-420.670075214781
-420.670076802468
-420.670078524461
-420.670079367524
-420.670078859840
-420.670078323134
-420.670078624426
-420.670078556946
-420.670078096822
-420.670078336220
-420.670073052523
-420.670074750223
-420.670076944593
-420.670077560182
-420.670076885519
-420.670076671641
-420.670076187621
-420.670075083857
-420.670074090392
-420.670072370696
-420.670091189090
-420.670089663536
-420.670088088584
-420.670086164366
-420.670084038680
-420.670082519309
-420.670081922842
-420.670081833198
-420.670081316001
-420.670080031658
-420.670095742227
-420.670094335961
-420.670093947296
-420.670093519748
-420.670092329492
-420.670092417963
-420.670093183876
-420.670093295662
-420.670093868831
-420.670095328810
-420.670081565337
-420.670083015914
-420.670083909435
-420.670084046231
-420.670084657651
-420.670086337377
-420.670088415286
-420.670090859159
-420.670092827533
-420.670093018965
-420.670103085797
-420.670101670106
-420.670099425534
-420.670096802215
-420.670094754150
-420.670093444852
-420.670092696032
-420.670092498813
-420.670092894076
-420.670093598683
-420.670091032482
-420.670091601007
-420.670093111290
-420.670094458680
-420.670093884384
-420.670092079701
-420.670089970358
-420.670088338689
-420.670087983010
-420.670087792387
-420.670099708896
-420.670098694735
-420.670098889865
-420.670098939223
-420.670098009583
-420.670096758256
-420.670095658395
-420.670095270794
-420.670095698166
-420.670096855839
-420.670080318771
-420.670081998258
-420.670082999626
-420.670083529983
-420.670082847845
-420.670081204175
-420.670079832039
-420.670078543891
-420.670076608938
-420.670074774643
-420.670088486647
-420.670087494504
-420.670087065063
-420.670086268852
-420.670085215974
-420.670085477105
-420.670086878254
-420.670088128932
-420.670089382250
-420.670090841804
-420.670078116681
-420.670079640917
-420.670080996965
-420.670082121188
-420.670082861408
-420.670083393826
-420.670084293990
-420.670085716063
-420.670086902472
-420.670087392216
-420.670082012288
-420.670083209763
-420.670084526507
-420.670085473780
-420.670085296177
-420.670084265226
-420.670082896423
-420.670081690570
-420.670080740102
-420.670079822256
-420.670085689999
-420.670084778740
-420.670083301951
-420.670081272568
-420.670079284953
-420.670078739737
-420.670080077569
-420.670082796063
-420.670086189979
-420.670089266825
-420.670065198226
-420.670068377510
-420.670072081797
-420.670075193650
-420.670077395107
-420.670078693219
-420.670078850457
-420.670077757892
-420.670075288409
-420.670072370816
-420.670090385692
-420.670089444217
-420.670088895436
-420.670088562037
-420.670087455527
-420.670085012367
-420.670082809118
-420.670081386428
-420.670081459291
-420.670083229061
-420.670071693381
-420.670071758060
-420.670071510798
-420.670070735287
-420.670069433593
-420.670068741364
-420.670068070019
-420.670066478801
-420.670065192988
-420.670063971641
-420.670078260966
-420.670077042605
-420.670076271421
-420.670075352230
-420.670074034592
-420.670072694723
-420.670071255491
-420.670069529580
-420.670066958104
-420.670064071818
-420.670082140159
-420.670080143163
-420.670078816603
-420.670078933079
-420.670079169307
-420.670078700113
-420.670078013396
-420.670077287033
-420.670076656239
-420.670076733296
-420.670072796249
-420.670072978471
-420.670073337864
-420.670073757781
-420.670073896254
-420.670073921645
-420.670073710536
-420.670072940811
-420.670071341675
-420.670069032763
-420.670087615078
-420.670086367629
-420.670085567167
-420.670085097419
-420.670084506650
-420.670083676980
-420.670083469659
-420.670083244015
-420.670082486786
-420.670081887738
-420.670083103801
-420.670082594579
-420.670082024108
-420.670082253519
-420.670082933121
-420.670084622433
-420.670086918461
-420.670088042575
-420.670088931737
-420.670090285384
-420.670083170101
-420.670083695788
-420.670084902432
-420.670085741198
-420.670085751026
-420.670086530885
-420.670087868841
-420.670088233653
-420.670088494747
-420.670089857578
-420.670070879970
-420.670072527517
-420.670074000434
-420.670076227325
-420.670078710140
-420.670080960418
-420.670083301924
-420.670085189618
-420.670086177998
-420.670086869718
-420.670088819416
-420.670087459011
-420.670086580305
-420.670086340420
-420.670086055909
-420.670086500576
-420.670087878452
-420.670088722312
-420.670088845059
-420.670088714299
-420.670094187131
-420.670093334582
-420.670093107572
-420.670093824425
-420.670095191703
-420.670096670519
-420.670097807183
-420.670098649539
-420.670099145137
-420.670098758781
-420.670105876317
-420.670105457505
-420.670105875338
-420.670106704548
-420.670107138000
-420.670107459702
-420.670107563064
-420.670107184909
-420.670106894207
-420.670107128262
-420.670097904272
-420.670099422206
-420.670101140759
-420.670102881050
-420.670104171195
-420.670104741541
-420.670104906581
-420.670105200512
-420.670106122240
-420.670107808460
-420.670085347953
-420.670088047999
-420.670090591704
-420.670093538255
-420.670096946457
-420.670100317028
-420.670102816142
-420.670104090869
-420.670104915680
-420.670106131993
-420.670092991821
-420.670093600615
-420.670092921108
-420.670092686245
-420.670094172939
-420.670097525775
-420.670102877171
-420.670108154152
-420.670110947244
-420.670111410667
-420.670108476784
-420.670109708262
-420.670111876596
-420.670114590324
-420.670117375644
-420.670121092743
-420.670125380042
-420.670128745499
-420.670131701430
-420.670135281319
-420.670099565877
-420.670103587062
-420.670107922303
-420.670112532966
-420.670116652514
-420.670119865267
-420.670122485445
-420.670125515292
-420.670129403257
-420.670134309297
-420.670084956454
-420.670089660801
-420.670093842843
-420.670098195155
-420.670102560153
-420.670107101342
-420.670112239575
-420.670117345833
-420.670122046712
-420.670127093408
-420.670084633194
-420.670087823422
-420.670090474652
-420.670093911190
-420.670097850804
-420.670102205468
-420.670106777285
-420.670110827332
-420.670113766510
-420.670116306646
-420.670088569162
-420.670092410807
-420.670096715299
-420.670101075419
-420.670105247013
-420.670109560143
-420.670113927268
-420.670117437387
-420.670120323827
-420.670122718244
-420.670101224029
-420.670103562300
-420.670104815747
-420.670105356457
-420.670105961622
-420.670106756587
-420.670107682604
-420.670108749461
-420.670110574231
-420.670113545887
-420.670075626018
-420.670080264941
-420.670084187375
-420.670087049405
-420.670087969374
-420.670087793834
-420.670087786132
-420.670087709091
-420.670087819548
-420.670088704029
-420.670071075894
-420.670073361421
-420.670075050417
-420.670076585925
-420.670078761940
-420.670080941352
-420.670082979779
-420.670085219897
-420.670087196326
-420.670089411659
-420.670059696134
-420.670062853575
-420.670065443625
-420.670068809866
-420.670072467889
-420.670075406646
-420.670078070170
-420.670080422234
-420.670081867059
-420.670084091820
-420.670049986359
-420.670054123106
-420.670058339249
-420.670062596198
-420.670066991331
-420.670071448918
-420.670075018506
-420.670077051143
-420.670078130613
-420.670079138787
-420.670059174199
-420.670062596722
-420.670066322599
-420.670069682267
-420.670072067565
-420.670073461236
-420.670075025751
-420.670077243869
-420.670079200131
-420.670081811347
-420.670038785701
-420.670044543506
-420.670049848170
-420.670054923260
-420.670058965608
-420.670062155494
-420.670065333107
-420.670067739963
-420.670070006928
-420.670072793332
-420.670047606578
-420.670050441336
-420.670054344099
-420.670059657818
-420.670065429737
-420.670071774658
-420.670078695420
-420.670084798241
-420.670089562976
-420.670093954337
-420.670043208350
-420.670049624313
-420.670055534348
-420.670061166781
-420.670066183626
-420.670070832839
-420.670075806462
-420.670080391931
-420.670084135236
-420.670087911966
-420.670059140218
-420.670061244593
-420.670063454934
-420.670065941881
-420.670068840352
-420.670072828102
-420.670077420255
-420.670082133911
-420.670087755777
-420.670094412609
-420.670029730942
-420.670037675831
-420.670046002672
-420.670053843078
-420.670061726535
-420.670070421917
-420.670079653862
-420.670088281728
-420.670096203724
-420.670104456245
-420.670030823396
-420.670038333470
-420.670046343021
-420.670054948949
-420.670063063681
-420.670071539604
-420.670080364683
-420.670088048722
-420.670094349868
-420.670100389371
-420.670040417454
-420.670047524637
-420.670055184784
-420.670063695772
-420.670072513098
-420.670081401525
-420.670090382855
-420.670098540594
-420.670105160291
-420.670111102144
-420.670049148628
-420.670056508623
-420.670063668373
-420.670071219095
-420.670078501399
-420.670085195038
-420.670091299850
-420.670096513365
-420.670100882143
-420.670104405009
-420.670074243115
-420.670078362555
-420.670083382291
-420.670089507575
-420.670096311430
-420.670102993443
-420.670109741206
-420.670117042271
-420.670124660983
-420.670132639400
-420.670056767188
-420.670064817459
-420.670071993772
-420.670078761465
-420.670084877295
-420.670090060113
-420.670095335336
-420.670101077351
-420.670107282671
-420.670114326159
-420.670048437889
-420.670055429105
-420.670061881443
-420.670067397655
-420.670071427235
-420.670074778522
-420.670078933470
-420.670084206399
-420.670090054428
-420.670096480819
-420.670033286914
-420.670039630535
-420.670044498876
-420.670048569502
-420.670051869714
-420.670054637769
-420.670058143149
-420.670062930590
-420.670068412799
-420.670073982073
-420.670028126776
-420.670031845358
-420.670034674613
-420.670037005926
-420.670038248706
-420.670039421934
-420.670041510336
-420.670043939732
-420.670046052905
-420.670047976316
-420.670027027962
-420.670029847168
-420.670032688173
-420.670035343721
-420.670037677632
-420.670039955685
-420.670042140361
-420.670044052422
-420.670045875318
-420.670048304808
-420.670010243106
-420.670015714143
-420.670021006728
-420.670025282693
-420.670028127110
-420.670029900223
-420.670031820862
-420.670034441828
-420.670037457651
-420.670041221578
-420.669991294556
-420.669998273723
-420.670004709758
-420.670009420351
-420.670013140262
-420.670016834486
-420.670020383246
-420.670023757519
-420.670027447577
-420.670031553870
-420.669989690088
-420.669995073087
-420.670000156123
-420.670004562198
-420.670009328525
-420.670015515950
-420.670023459094
-420.670031537148
-420.670038162973
-420.670043408615
-420.669995798539
-420.670001101889
-420.670005593318
-420.670010138586
-420.670015371247
-420.670021422534
-420.670027893571
-420.670033864791
-420.670038803299
-420.670042844756
-420.670004458407
-420.670009898630
-420.670016694552
-420.670024182807
-420.670031232006
-420.670037670560
-420.670043781392
-420.670049342227
-420.670054029114
-420.670058518872
-420.670012519164
-420.670017985574
-420.670023777512
-420.670029258962
-420.670033381237
-420.670036658143
-420.670040251285
-420.670043563892
-420.670045533402
-420.670047524356
-420.670022469112
-420.670024858490
-420.670027149507
-420.670030505127
-420.670034355725
-420.670037822270
-420.670041729976
-420.670046094269
-420.670050153137
-420.670054845429
-420.670002135613
-420.670007694842
-420.670012255818
-420.670016497198
-420.670020745831
-420.670025049769
-420.670028947458
-420.670031421480
-420.670033140340
-420.670035122567
-420.670014701716
-420.670016728468
-420.670018984952
-420.670022980873
-420.670027614637
-420.670031194220
-420.670033834140
-420.670036689196
-420.670040891069
-420.670046700383
