-420.663509753061
-420.663512341478
-420.663513460076
-420.663514519254
-420.663516211006
-420.663518149823
-420.663520028971
-420.663521620476
-420.663522960550
-420.663524381331
-420.663501938477
-420.663505150466
-420.663508100442
-420.663511271555
-420.663514815606
-420.663518631011
-420.663522504359
-420.663526228613
-420.663529803258
-420.663533190370
-420.663499979556
-420.663504016777
-420.663508210628
-420.663512829685
-420.663518100710
-420.663523878044
-420.663529801281
-420.663535425095
-420.663540781118
-420.663546155661
-420.663489966083
-420.663496504956
-420.663502754116
-420.663509495516
-420.663516882818
-420.663524353606
-420.663531054536
-420.663536532019
-420.663541163041
-420.663545407503
-420.663500675773
-420.663506762305
-420.663513502710
-420.663520907305
-420.663528842236
-420.663536826343
-420.663543981535
-420.663550240627
-420.663556457549
-420.663563468596
-420.663482238612
-420.663493313069
-420.663504792544
-420.663515778934
-420.663526304775
-420.663536241110
-420.663545260586
-420.663553883176
-420.663562647596
-420.663571816096
-420.663480716642
-420.663491509063
-420.663502145637
-420.663512822035
-420.663523817934
-420.663535251385
-420.663546825590
-420.663558371703
-420.663570190639
-420.663582227271
-420.663462214463
-420.663476442037
-420.663489753741
-420.663502194527
-420.663515275542
-420.663530037652
-420.663545502745
-420.663560352667
-420.663574132821
-420.663587069243
-420.663468520815
-420.663481487734
-420.663493240894
-420.663504433670
-420.663516403355
-420.663529919269
-420.663544181573
-420.663557485614
-420.663570117186
-420.663582642233
-420.663459672183
-420.663474281296
-420.663488353051
-420.663502198743
-420.663516529740
-420.663531382437
-420.663546000466
-420.663560438305
-420.663574981497
-420.663589804052
-420.663449018788
-420.663464744311
-420.663480176418
-420.663496684661
-420.663514167466
-420.663531440366
-420.663548343811
-420.663566168859
-420.663585790117
-420.663606940441
-420.663398199274
-420.663422112547
-420.663444637299
-420.663466833346
-420.663488881898
-420.663509734165
-420.663529384138
-420.663548869977
-420.663568459269
-420.663588365789
-420.663409966434
-420.663428218189
-420.663444696176
-420.663461482374
-420.663480074557
-420.663500406281
-420.663521726042
-420.663543640755
-420.663565464368
-420.663586716592
-420.663392745578
-420.663414108281
-420.663434996050
-420.663456791309
-420.663479079984
-420.663500940387
-420.663522187965
-420.663542642137
-420.663562673921
-420.663583265819
-420.663391054069
-420.663411657785
-420.663430783176
-420.663449596296
-420.663468178825
-420.663485812269
-420.663502743160
-420.663519649798
-420.663536920618
-420.663554759526
-420.663384034798
-420.663403844666
-420.663424584807
-420.663446073977
-420.663467020297
-420.663487333078
-420.663507538277
-420.663527527460
-420.663547690106
-420.663569405345
-420.663353093378
-420.663378740806
-420.663405798884
-420.663434562324
-420.663463600710
-420.663491243277
-420.663517500219
-420.663543572764
-420.663570419825
-420.663598228305
-420.663340642061
-420.663368510722
-420.663395160618
-420.663421761252
-420.663448775545
-420.663475576450
-420.663501135737
-420.663525808726
-420.663550964817
-420.663577099132
-420.663335900624
-420.663363195296
-420.663390825835
-420.663418754317
-420.663446495965
-420.663472926062
-420.663497211382
-420.663520090602
-420.663543268185
-420.663567105317
-420.663347826865
-420.663372967029
-420.663399168823
-420.663425322107
-420.663450099336
-420.663473640867
-420.663496146491
-420.663517403731
-420.663538070985
-420.663558683983
-420.663377393000
-420.663397068595
-420.663416365158
-420.663435614033
-420.663455047959
-420.663475559846
-420.663497910597
-420.663521863101
-420.663546664551
-420.663571597258
-420.663340409924
-420.663366786584
-420.663392428307
-420.663416958917
-420.663441802847
-420.663467810617
-420.663493531328
-420.663518311743
-420.663544444238
-420.663572929309
-420.663303002665
-420.663332193608
-420.663357617399
-420.663379155571
-420.663398410060
-420.663417406268
-420.663437361120
-420.663458921965
-420.663481877547
-420.663506096206
-420.663272742571
-420.663298268840
-420.663319887660
-420.663337770214
-420.663354471074
-420.663372294137
-420.663391345217
-420.663412185683
-420.663434734342
-420.663457504646
-420.663249278131
-420.663273186852
-420.663296448677
-420.663318556788
-420.663340651042
-420.663363421216
-420.663386436089
-420.663409138541
-420.663430794440
-420.663451024198
-420.663268822677
-420.663289448805
-420.663309880718
-420.663331047241
-420.663354169150
-420.663378838232
-420.663402967010
-420.663426463538
-420.663450608782
-420.663475718451
-420.663235610479
-420.663263402371
-420.663291889533
-420.663322596979
-420.663355041032
-420.663386821472
-420.663416420155
-420.663444535724
-420.663474280584
-420.663508101953
-420.663169113588
-420.663207437895
-420.663243519428
-420.663277755300
-420.663311122175
-420.663341684894
-420.663368072436
-420.663393197158
-420.663420173661
-420.663451128785
-420.663127160915
-420.663164007951
-420.663196869009
-420.663226437959
-420.663253580175
-420.663277777940
-420.663298313277
-420.663316800273
-420.663337891473
-420.663363748576
-420.663093265621
-420.663124838848
-420.663154688525
-420.663181725884
-420.663206238818
-420.663227773480
-420.663247312088
-420.663266604124
-420.663286720477
-420.663309858493
-420.663086977650
-420.663108877630
-420.663126354698
-420.663141691025
-420.663156541003
-420.663172078115
-420.663189387653
-420.663210564298
-420.663237122863
-420.663268122947
-420.662969034467
-420.663001962760
-420.663032381490
-420.663061163677
-420.663089291097
-420.663116626176
-420.663142205977
-420.663164535142
-420.663184605861
-420.663204938191
-420.663013085938
-420.663033400152
-420.663053349593
-420.663074756319
-420.663098304932
-420.663123934332
-420.663150588875
-420.663176162788
-420.663199741919
-420.663223827110
-420.662984295759
-420.663011987926
-420.663039408792
-420.663066176688
-420.663089915478
-420.663108753897
-420.663124345832
-420.663139269314
-420.663155443556
-420.663173979804
-420.662993976818
-420.663013410370
-420.663030365645
-420.663045002923
-420.663058208678
-420.663069997454
-420.663080487190
-420.663092592221
-420.663109823112
-420.663132776624
-420.662902042183
-420.662925126772
-420.662945683612
-420.662966163340
-420.662986314777
-420.663005451329
-420.663022419366
-420.663036601277
-420.663051129665
-420.663068993968
-420.662887032505
-420.662907635816
-420.662927774490
-420.662947889177
-420.662968787356
-420.662990355774
-420.663010799639
-420.663028828256
-420.663046198210
-420.663066135558
-420.662861375317
-420.662884029018
-420.662905877082
-420.662928316591
-420.662951892151
-420.662976595887
-420.663002129939
-420.663028724562
-420.663056941132
-420.663087210504
-420.662804494177
-420.662834741066
-420.662862376448
-420.662888247064
-420.662912621963
-420.662935053373
-420.662954605055
-420.662970680120
-420.662985787607
-420.663003104635
-420.662821460991
-420.662843416938
-420.662864515930
-420.662881955312
-420.662895570083
-420.662907245609
-420.662918198869
-420.662929175780
-420.662942330311
-420.662959201041
-420.662777864954
-420.662799484916
-420.662820868341
-420.662840697639
-420.662857186782
-420.662869976996
-420.662880432009
-420.662892723998
-420.662910581456
-420.662932925148
-420.662732754705
-420.662751446472
-420.662767076775
-420.662781650136
-420.662796346898
-420.662810499183
-420.662823209612
-420.662834914465
-420.662847969119
-420.662862128828
-420.662747999016
-420.662758466033
-420.662767572984
-420.662776575465
-420.662786574563
-420.662799134897
-420.662814318498
-420.662830801757
-420.662847449868
-420.662864151784
-420.662708032435
-420.662725906333
-420.662743597804
-420.662760473427
-420.662776871792
-420.662795079374
-420.662816127574
-420.662838524555
-420.662860257807
-420.662880270368
-420.662707394975
-420.662726692813
-420.662745634699
-420.662763557089
-420.662781149710
-420.662798313628
-420.662814356022
-420.662830199573
-420.662846644645
-420.662863081564
-420.662720445053
-420.662736000932
-420.662751039938
-420.662765850728
-420.662782053324
-420.662801817043
-420.662825803299
-420.662853094466
-420.662883022553
-420.662913200939
-420.662657908201
-420.662684688896
-420.662709241874
-420.662729956854
-420.662747624882
-420.662765672880
-420.662785548371
-420.662806019684
-420.662824578325
-420.662840433728
-420.662714237024
-420.662727705847
-420.662741011376
-420.662754259978
-420.662768278812
-420.662784992928
-420.662804971014
-420.662826248797
-420.662846308183
-420.662863764060
-420.662722347212
-420.662737384575
-420.662751127584
-420.662763106700
-420.662773356683
-420.662782819641
-420.662792567494
-420.662802691084
-420.662812561810
-420.662821395869
-420.662744639725
-420.662753200805
-420.662760068163
-420.662763927688
-420.662766578913
-420.662769620910
-420.662772604396
-420.662776334966
-420.662781650894
-420.662788577279
-420.662719689839
-420.662725516779
-420.662728229774
-420.662729679479
-420.662732556107
-420.662738808676
-420.662747397290
-420.662755567823
-420.662762057563
-420.662767664932
-420.662693437202
-420.662705553803
-420.662717362963
-420.662725955882
-420.662733360184
-420.662742770727
-420.662753953693
-420.662765024189
-420.662775582653
-420.662786176343
-420.662686109501
-420.662696175944
-420.662703823994
-420.662708698561
-420.662712741815
-420.662718689368
-420.662727069574
-420.662736634856
-420.662745466008
-420.662752359104
-420.662700304298
-420.662705043694
-420.662708405800
-420.662711691897
-420.662715818216
-420.662720670692
-420.662726788398
-420.662734510289
-420.662743356986
-420.662752455803
-420.662673553185
-420.662680783834
-420.662684532157
-420.662686075514
-420.662689230480
-420.662695198418
-420.662701700597
-420.662708289156
-420.662715771112
-420.662723919934
-420.662650041356
-420.662657429871
-420.662664765274
-420.662675233965
-420.662690493072
-420.662708270953
-420.662724780600
-420.662737715395
-420.662747558502
-420.662756027426
-420.662675656863
-420.662686673177
-420.662700186949
-420.662715987810
-420.662734468993
-420.662754754343
-420.662775081049
-420.662794514454
-420.662812269016
-420.662827936037
-420.662695200809
-420.662710339592
-420.662726483866
-420.662744222258
-420.662763274321
-420.662783314495
-420.662803637559
-420.662822976166
-420.662839719698
-420.662852307562
-420.662771730250
-420.662778621348
-420.662783908561
-420.662787276384
-420.662789411052
-420.662792466363
-420.662799712883
-420.662812194904
-420.662827019135
-420.662841671554
-420.662711861433
-420.662725971671
-420.662738624172
-420.662749753256
-420.662760957041
-420.662773730638
-420.662786984580
-420.662798439739
-420.662806966992
-420.662812093454
-420.662793717876
-420.662793899137
-420.662793373856
-420.662792844957
-420.662791703771
-420.662790095809
-420.662790345089
-420.662792435850
-420.662793068112
-420.662791037570
-420.662809359927
-420.662808539412
-420.662807318050
-420.662805353970
-420.662805358990
-420.662808260102
-420.662811188509
-420.662811651117
-420.662810213416
-420.662809827109
-420.662785911616
-420.662790075840
-420.662792405732
-420.662792755079
-420.662792541712
-420.662792489768
-420.662793140456
-420.662793279168
-420.662791348776
-420.662786455305
-420.662848959699
-420.662839358369
-420.662825191025
-420.662807597226
-420.662791236683
-420.662780162612
-420.662774599741
-420.662771721672
-420.662769612561
-420.662768986399
-420.662748639978
-420.662753097719
-420.662758267986
-420.662764755861
-420.662773373571
-420.662783869639
-420.662795832933
-420.662810124576
-420.662827188504
-420.662844975512
-420.662701813354
-420.662714361945
-420.662722864706
-420.662728467685
-420.662733939596
-420.662741770863
-420.662751728005
-420.662761144003
-420.662768815976
-420.662776327962
-420.662696333556
-420.662706358078
-420.662716789006
-420.662727864100
-420.662738931001
-420.662749873819
-420.662760341178
-420.662769774161
-420.662778505970
-420.662787630956
-420.662694051532
-420.662703656193
-420.662710315895
-420.662715143773
-420.662718955894
-420.662720359090
-420.662719258174
-420.662716562648
-420.662713241032
-420.662710313315
-420.662730424984
-420.662726362845
-420.662717976930
-420.662707794110
-420.662700151714
-420.662695713341
-420.662691619797
-420.662686344402
-420.662681552073
-420.662679033939
-420.662684790578
-420.662684552304
-420.662683695658
-420.662682614048
-420.662681011804
-420.662677911083
-420.662672067053
-420.662663333205
-420.662653984707
-420.662646510973
-420.662689943405
-420.662686102992
-420.662681949497
-420.662678627344
-420.662676792801
-420.662675174652
-420.662672970869
-420.662670880036
-420.662669827947
-420.662671092259
-420.662634855625
-420.662640138251
-420.662644203692
-420.662647295248
-420.662651214169
-420.662656902167
-420.662664372960
-420.662673487766
-420.662683541357
-420.662692415699
-420.662641239303
-420.662643296257
-420.662643523953
-420.662644440621
-420.662645538742
-420.662644531408
-420.662641890539
-420.662640293380
-420.662641321696
-420.662643877772
-420.662624983582
-420.662625418541
-420.662624822471
-420.662624109084
-420.662623738807
-420.662624709296
-420.662627081074
-420.662630838104
-420.662636082097
-420.662641991889
-420.662608982869
-420.662609075355
-420.662608347085
-420.662609829514
-420.662612875870
-420.662615401533
-420.662617769632
-420.662620466466
-420.662622887484
-420.662625322223
-420.662591993413
-420.662597128257
-420.662602413865
-420.662607221294
-420.662610875447
-420.662613441607
-420.662616650280
-420.662621494431
-420.662626206929
-420.662629376103
-420.662611588610
-420.662612840653
-420.662614212240
-420.662616856043
-420.662620572491
-420.662624219169
-420.662627587333
-420.662631611237
-420.662636159045
-420.662639337904
-420.662628525616
-420.662629639298
-420.662631717214
-420.662633281855
-420.662633198739
-420.662632870237
-420.662634445886
-420.662637431241
-420.662640299461
-420.662643190072
-420.662615579881
-420.662618070471
-420.662619797862
-420.662621482516
-420.662623254328
-420.662624958126
-420.662626096700
-420.662625722829
-420.662622572900
-420.662615718189
-420.662705220300
-420.662692774424
-420.662678413677
-420.662663119165
-420.662648519097
-420.662635266888
-420.662623090486
-420.662611734655
-420.662601088205
-420.662590936140
-420.662677974958
-420.662669353530
-420.662661730585
-420.662654833223
-420.662648399312
-420.662642378694
-420.662637097538
-420.662632597617
-420.662628054190
-420.662622698357
-420.662680077399
-420.662673381348
-420.662667490882
-420.662662212628
-420.662655704799
-420.662647508181
-420.662638546234
-420.662629005036
-420.662619572567
-420.662611909453
-420.662658146786
-420.662654350455
-420.662650309340
-420.662645785715
-420.662641230184
-420.662636658873
-420.662631992108
-420.662626982330
-420.662621227297
-420.662615640347
-420.662651563680
-420.662648897114
-420.662645642095
-420.662640342308
-420.662633272985
-420.662626828812
-420.662623916250
-420.662625573347
-420.662630170777
-420.662634922947
-420.662597652696
-420.662601845465
-420.662605570185
-420.662607920802
-420.662609958071
-420.662614559281
-420.662623014970
-420.662633425197
-420.662642438319
-420.662648621519
-420.662612378883
-420.662615772645
-420.662619303700
-420.662623211339
-420.662627948672
-420.662634490711
-420.662641923305
-420.662648029204
-420.662652308893
-420.662656731895
-420.662597174255
-420.662604665426
-420.662609991185
-420.662612758850
-420.662614857956
-420.662617243158
-420.662618125785
-420.662615649959
-420.662610788908
-420.662605495726
-420.662643227696
-420.662640280854
-420.662636959409
-420.662631697010
-420.662624810485
-420.662618007418
-420.662610964713
-420.662601782660
-420.662591299782
-420.662583250569
-420.662616900016
-420.662614797116
-420.662610649683
-420.662604006500
-420.662596530296
-420.662589740072
-420.662583080783
-420.662575450445
-420.662567407513
-420.662559503062
-420.662628457589
-420.662620437873
-420.662610855905
-420.662598798226
-420.662584556077
-420.662570093402
-420.662557225710
-420.662545750686
-420.662535100115
-420.662526495289
-420.662577273522
-420.662572922786
-420.662568663605
-420.662566749943
-420.662569437224
-420.662575292818
-420.662580229408
-420.662582788373
-420.662583500846
-420.662580962631
-420.662639250191
-420.662631036708
-420.662623117561
-420.662615652971
-420.662609289553
-420.662605127533
-420.662602417809
-420.662599199149
-420.662594023840
-420.662586881019
-420.662660659660
-420.662652553658
-420.662645328470
-420.662639363423
-420.662635353211
-420.662633386812
-420.662632257850
-420.662631241405
-420.662630502089
-420.662628903825
-420.662660745206
-420.662655847319
-420.662650735673
-420.662645436084
-420.662639950858
-420.662635448771
-420.662632133262
-420.662628725875
-420.662624890378
-420.662620308600
-420.662668325659
-420.662662635181
-420.662657192314
-420.662653107396
-420.662652086414
-420.662654715321
-420.662658637872
-420.662661695593
-420.662663421279
-420.662663798126
-420.662675277536
-420.662672977660
-420.662671005863
-420.662669765784
-420.662667476307
-420.662662784192
-420.662655896377
-420.662646868616
-420.662635626344
-420.662622345370
-420.662746811790
-420.662733641735
-420.662721395677
-420.662710891561
-420.662703013628
-420.662696675900
-420.662689949589
-420.662682394345
-420.662674681934
-420.662666969403
-420.662735866057
-420.662728374893
-420.662721006896
-420.662713783453
-420.662706702022
-420.662700186915
-420.662694470374
-420.662689506616
-420.662684974779
-420.662680543424
-420.662717638998
-420.662714000126
-420.662709969587
-420.662705148155
-420.662700793366
-420.662698107385
-420.662697704605
-420.662699873019
-420.662704212917
-420.662709331139
-420.662656582222
-420.662663655198
-420.662670273767
-420.662674203752
-420.662675267307
-420.662675288898
-420.662674991717
-420.662674038814
-420.662672636431
-420.662671008643
-420.662687324542
-420.662684221508
-420.662678750853
-420.662672112434
-420.662666855025
-420.662664257946
-420.662663907662
-420.662665178278
-420.662667008073
-420.662667425916
-420.662679092223
-420.662678380474
-420.662679929653
-420.662682504251
-420.662684040256
-420.662684948322
-420.662685847852
-420.662684609787
-420.662680427891
-420.662676590299
-420.662679005507
-420.662680750931
-420.662681310171
-420.662680794486
-420.662680681132
-420.662681083803
-420.662681025783
-420.662679966949
-420.662678850546
-420.662678727206
-420.662660600192
-420.662664811321
-420.662671004207
-420.662679222975
-420.662688858542
-420.662698715049
-420.662707592527
-420.662714623886
-420.662719493749
-420.662723938623
-420.662660086644
-420.662669543752
-420.662677223491
-420.662681492500
-420.662684750987
-420.662688980046
-420.662693258260
-420.662697073565
-420.662701789334
-420.662708584937
-420.662636354411
-420.662643336291
-420.662648183551
-420.662651168557
-420.662651896463
-420.662650290709
-420.662647616927
-420.662644752046
-420.662642434018
-420.662641336747
-420.662634724514
-420.662635759005
-420.662634810039
-420.662631672396
-420.662627261580
-420.662622416989
-420.662617359530
-420.662613097040
-420.662611107385
-420.662611126235
-420.662614407279
-420.662611999860
-420.662608879845
-420.662606799668
-420.662604544759
-420.662601865464
-420.662600821001
-420.662601978113
-420.662603893525
-420.662605973287
-420.662576823598
-420.662580634741
-420.662583638183
-420.662585857670
-420.662587570594
-420.662588760354
-420.662589139822
-420.662588509619
-420.662587949739
-420.662589130991
-420.662559881601
-420.662563964763
-420.662569874042
-420.662579160300
-420.662588945397
-420.662595995514
-420.662600932843
-420.662604602686
-420.662605596493
-420.662604934504
-420.662589808038
-420.662595133360
-420.662602749404
-420.662612303368
-420.662623377883
-420.662634821595
-420.662645433428
-420.662654458235
-420.662662498985
-420.662671184025
-420.662570496758
-420.662584657845
-420.662600676371
-420.662617567926
-420.662634033170
-420.662650208319
-420.662666415216
-420.662681857944
-420.662695191922
-420.662706936797
-420.662589124746
-420.662605566059
-420.662624451241
-420.662643248396
-420.662659445307
-420.662672272804
-420.662682353828
-420.662690855287
-420.662700531125
-420.662713044731
-420.662591570624
-420.662603725331
-420.662616052916
-420.662629815708
-420.662643202588
-420.662655740574
-420.662669298415
-420.662682693768
-420.662693719230
-420.662703755089
-420.662597315408
-420.662610536040
-420.662622751978
-420.662632835390
-420.662639799243
-420.662643312295
-420.662644097757
-420.662643649001
-420.662643778064
-420.662645211975
-420.662625885801
-420.662629601398
-420.662637402710
-420.662648708014
-420.662658602396
-420.662664278850
-420.662667266680
-420.662668656370
-420.662668808981
-420.662669728803
-420.662635289938
-420.662641020624
-420.662647204624
-420.662654572603
-420.662663463946
-420.662673284768
-420.662683574692
-420.662694352784
-420.662705665463
-420.662717960302
-420.662590413615
-420.662606230127
-420.662621766887
-420.662634668583
-420.662643965419
-420.662652522692
-420.662664155966
-420.662678271844
-420.662691199899
-420.662701735900
-420.662587627284
-420.662606373339
-420.662628680514
-420.662649829047
-420.662669543510
-420.662691063548
-420.662714290943
-420.662735795499
-420.662753853807
-420.662768762107
-420.662652591595
-420.662665236541
-420.662679337230
-420.662694657985
-420.662709435406
-420.662724777400
-420.662742411608
-420.662760831169
-420.662776452404
-420.662789561503
-420.662654890697
-420.662673608131
-420.662693690681
-420.662713507687
-420.662733998275
-420.662755176003
-420.662774204038
-420.662789528517
-420.662803697877
-420.662819398978
-420.662664087806
-420.662681108496
-420.662697075770
-420.662712089520
-420.662725733286
-420.662739258016
-420.662754779999
-420.662772191654
-420.662789885118
-420.662808090525
-420.662628588154
-420.662649480729
-420.662669174899
-420.662686874387
-420.662702309407
-420.662715507713
-420.662727002943
-420.662737409872
-420.662747259975
-420.662757683785
-420.662654374124
-420.662665352944
-420.662674620344
-420.662682783622
-420.662689823868
-420.662695684194
-420.662702784718
-420.662712960238
-420.662725283777
-420.662739716553
-420.662569550267
-420.662591626077
-420.662612504674
-420.662632350734
-420.662654005002
-420.662677454355
-420.662699980370
-420.662720968640
-420.662740832405
-420.662758932061
-420.662603699329
-420.662622836100
-420.662644423330
-420.662664529966
-420.662680435240
-420.662696526071
-420.662718779966
-420.662746440671
-420.662774593340
-420.662801194519
-420.662560878795
-420.662588572530
-420.662616453671
-420.662644046942
-420.662670645829
-420.662696772696
-420.662724458416
-420.662754721487
-420.662786283507
-420.662817181063
-420.662561144877
-420.662586310738
-420.662609550697
-420.662632639676
-420.662655485323
-420.662679486244
-420.662706725740
-420.662734879585
-420.662759935194
-420.662781718586
-420.662592847032
-420.662613008833
-420.662632534126
-420.662653665739
-420.662677473601
-420.662703268622
-420.662729378435
-420.662753284515
-420.662774021240
-420.662792952207
-420.662623165625
-420.662643442177
-420.662667622719
-420.662697451581
-420.662730377629
-420.662764016630
-420.662797920658
-420.662831203276
-420.662862265895
-420.662891417464
-420.662629371996
-420.662659018303
-420.662689417035
-420.662721885646
-420.662756271539
-420.662790073486
-420.662820146174
-420.662845553709
-420.662869537787
-420.662894942392
-420.662652715379
-420.662680952511
-420.662712275061
-420.662746282882
-420.662780208509
-420.662814924408
-420.662852744907
-420.662893273124
-420.662934703279
-420.662976366317
-420.662615303216
-420.662650966210
-420.662682232446
-420.662710787516
-420.662735360046
-420.662754241176
-420.662768874023
-420.662783623640
-420.662801958980
-420.662821647474
-420.662665077211
-420.662681621170
-420.662700529186
-420.662719420451
-420.662734493533
-420.662747590838
-420.662762554259
-420.662780158228
-420.662800309213
-420.662822612672
-420.662617837058
-420.662639374095
-420.662661010314
-420.662683539469
-420.662703580173
-420.662718619560
-420.662730235303
-420.662742846729
-420.662758826008
-420.662776737881
-420.662615480640
-420.662634133000
-420.662653900964
-420.662671961200
-420.662687379837
-420.662704239960
-420.662726072505
-420.662751754793
-420.662779340359
-420.662808084468
-420.662537361718
-420.662567748074
-420.662595763928
-420.662618676890
-420.662636188569
-420.662650619687
-420.662665329147
-420.662684236411
-420.662708599734
-420.662735672991
-420.662486959431
-420.662515417091
-420.662544459575
-420.662572909198
-420.662602219495
-420.662636418718
-420.662677275293
-420.662722035613
-420.662765723550
-420.662804345220
-420.662484365109
-420.662521806939
-420.662562456543
-420.662604270575
-420.662646526133
-420.662690133419
-420.662734288578
-420.662777945150
-420.662820616397
-420.662861769933
-420.662495713464
-420.662537422235
-420.662579279474
-420.662619999269
-420.662659831929
-420.662698642040
-420.662734238509
-420.662768142172
-420.662806893260
-420.662853948262
-420.662382112888
-420.662434558230
-420.662485654267
-420.662536475876
-420.662584805082
-420.662629547535
-420.662674494139
-420.662722709907
-420.662771514732
-420.662817504367
-420.662409042479
-420.662454959892
-420.662497329622
-420.662533758813
-420.662566547096
-420.662598382763
-420.662629456439
-420.662660837868
-420.662695712770
-420.662734806618
-420.662371917736
-420.662410327198
-420.662447182150
-420.662486161201
-420.662529170796
-420.662576282639
-420.662626153020
-420.662675760172
-420.662722092845
-420.662765365143
-420.662370165155
-420.662415613029
-420.662459055826
-420.662498016279
-420.662534386049
-420.662571446128
-420.662610509287
-420.662651140815
-420.662692049663
-420.662731835898
-420.662373532182
-420.662415696871
-420.662459328038
-420.662501673739
-420.662541041006
-420.662577964355
-420.662612974019
-420.662646993389
-420.662682289006
-420.662719976424
-420.662360261511
-420.662401205000
-420.662440869160
-420.662478481107
-420.662514932694
-420.662550997151
-420.662585715529
-420.662619291774
-420.662653565238
-420.662687305490
-420.662420919462
-420.662445317586
-420.662468194271
-420.662494286472
-420.662526720370
-420.662566200538
-420.662607956200
-420.662644918274
-420.662674407681
-420.662700937371
-420.662445747843
-420.662474045103
-420.662497883380
-420.662520575529
-420.662547280220
-420.662575067477
-420.662599903843
-420.662626197590
-420.662659615011
-420.662695718615
-420.662394895638
-420.662427255813
-420.662461408307
-420.662495561955
-420.662528256282
-420.662561097447
-420.662593800724
-420.662624293169
-420.662652627422
-420.662681151859
-420.662410224358
-420.662441220376
-420.662474637113
-420.662513531613
-420.662555656439
-420.662594500187
-420.662627862424
-420.662659924475
-420.662693922338
-420.662730306188
-420.662371459907
-420.662414499758
-420.662459430733
-420.662509616049
-420.662566606465
-420.662621896914
-420.662668002697
-420.662706419704
-420.662739723907
-420.662766543708
-420.662572578149
-420.662591384502
-420.662608573554
-420.662627615758
-420.662652649387
-420.662684754802
-420.662723123102
-420.662768151504
-420.662817319158
-420.662864886757
-420.662475813187
-420.662515291514
-420.662550102878
-420.662578339594
-420.662600580312
-420.662621081572
-420.662642942743
-420.662663866863
-420.662682262305
-420.662700372673
-420.662525978097
-420.662544461060
-420.662562009365
-420.662581760955
-420.662602795778
-420.662622736910
-420.662645938070
-420.662675836224
-420.662708448647
-420.662739932609
-420.662459651170
-420.662488770199
-420.662512484643
-420.662532907808
-420.662553872144
-420.662578010008
-420.662603255501
-420.662623705435
-420.662637334071
-420.662649168027
-420.662530910531
-420.662541984914
-420.662551541053
-420.662565218438
-420.662585872554
-420.662614047460
-420.662649766658
-420.662686796798
-420.662718094710
-420.662744128864
-420.662511800241
-420.662539377120
-420.662570725040
-420.662607820973
-420.662647582544
-420.662685149524
-420.662718975025
-420.662750405646
-420.662780551625
-420.662809905312
-420.662549954770
-420.662582089841
-420.662623162545
-420.662671321536
-420.662716449742
-420.662752500050
-420.662780564481
-420.662803593234
-420.662825606453
-420.662852311106
-420.662546668161
-420.662583960940
-420.662620357404
-420.662654423258
-420.662687253890
-420.662719724388
-420.662752357009
-420.662786578764
-420.662824398891
-420.662862412667
-420.662549540937
-420.662585038061
-420.662623588014
-420.662660854170
-420.662697221165
-420.662738980340
-420.662783167654
-420.662820120912
-420.662848345796
-420.662871203241
-420.662717679443
-420.662731237619
-420.662744752227
-420.662755726057
-420.662763363827
-420.662774495763
-420.662793223996
-420.662813270986
-420.662827766088
-420.662835289980
-420.662778175516
-420.662791068513
-420.662812014678
-420.662835405078
-420.662854944453
-420.662869633106
-420.662880448934
-420.662886840564
-420.662889645396
-420.662890238531
-420.662871273575
-420.662879302706
-420.662890826296
-420.662901010404
-420.662907309479
-420.662908151487
-420.662902565014
-420.662895170748
-420.662889124867
-420.662882135291
-420.662951572942
-420.662945632098
-420.662941734167
-420.662940650829
-420.662944187615
-420.662947428588
-420.662945089242
-420.662941629635
-420.662942882846
-420.662944874569
-420.662966426339
-420.662959581083
-420.662953100002
-420.662952504291
-420.662957190609
-420.662964290057
-420.662974082783
-420.662986957001
-420.662997263379
-420.663000794744
-420.663010374614
-420.663004488282
-420.662990260286
-420.662972349583
-420.662960499209
-420.662955662080
-420.662952539974
-420.662948676750
-420.662941834167
-420.662931428868
-420.663057392539
-420.663039140805
-420.663019618405
-420.663003132375
-420.662990066733
-420.662976340243
-420.662962925556
-420.662949942410
-420.662933179043
-420.662913274225
-420.663068197425
-420.663056026756
-420.663047481277
-420.663042233702
-420.663035602203
-420.663021048336
-420.662998413451
-420.662971502278
-420.662943120081
-420.662915418093
-420.663132288707
-420.663114784320
-420.663102270203
-420.663089811627
-420.663073474376
-420.663055317106
-420.663037328547
-420.663015287770
-420.662990100565
-420.662968811139
-420.663124978191
-420.663105046878
-420.663081401480
-420.663055078016
-420.663023573236
-420.662987061676
-420.662951787251
-420.662923372277
-420.662902867799
-420.662885796575
-420.663054962615
-420.663032241953
-420.663006382128
-420.662978008866
-420.662947069706
-420.662918806977
-420.662895409688
-420.662874748739
-420.662853742257
-420.662828170008
-420.663124065004
-420.663086176527
-420.663048821686
-420.663015547105
-420.662984644596
-420.662951808212
-420.662912958253
-420.662869423434
-420.662827788149
-420.662790665175
-420.663109403603
-420.663071891271
-420.663030929536
-420.662987539026
-420.662945210676
-420.662901569880
-420.662851885550
-420.662800624891
-420.662752023735
-420.662703641916
-420.663143831998
-420.663098472154
-420.663056597927
-420.663015255880
-420.662975720663
-420.662940223364
-420.662903561328
-420.662860038130
-420.662810029347
-420.662757528634
-420.663234052080
-420.663179751517
-420.663122994867
-420.663068020265
-420.663018163749
-420.662971170659
-420.662924625909
-420.662874391856
-420.662818225578
-420.662758461464
-420.663278546819
-420.663222733012
-420.663166362582
-420.663113318110
-420.663065084059
-420.663016709936
-420.662965832666
-420.662911928970
-420.662853072934
-420.662791560564
-420.663306789983
-420.663253001139
-420.663197301090
-420.663141687359
-420.663087457561
-420.663031412052
-420.662971237541
-420.662910460376
-420.662851602363
-420.662791388735
-420.663346635760
-420.663286775718
-420.663230411522
-420.663174732132
-420.663115593954
-420.663057018308
-420.663000732146
-420.662938799954
-420.662867417815
-420.662791806204
-420.663434471306
-420.663368711303
-420.663307912340
-420.663249814850
-420.663188547037
-420.663124387131
-420.663062528204
-420.663003636616
-420.662941688388
-420.662875106078
-420.663457429847
-420.663397197037
-420.663336969936
-420.663274871821
-420.663212421495
-420.663148536240
-420.663079715904
-420.663007148694
-420.662932874181
-420.662857303390
-420.663506412996
-420.663442130043
-420.663382567348
-420.663322330016
-420.663259260564
-420.663194839681
-420.663128810268
-420.663060998666
-420.662992509345
-420.662921865106
-420.663545138385
-420.663480284641
-420.663418124332
-420.663358687865
-420.663300504236
-420.663240963881
-420.663179176817
-420.663117269103
-420.663057708430
-420.663000082695
-420.663492118210
-420.663439938041
-420.663387063070
-420.663334067993
-420.663279707119
-420.663222476671
-420.663163371063
-420.663104428476
-420.663046942437
-420.662991681072
-420.663429917323
-420.663386772870
-420.663344567320
-420.663302399068
-420.663257999153
-420.663211631156
-420.663166433258
-420.663123603961
-420.663081325361
-420.663037439441
-420.663410041554
-420.663372138934
-420.663335202401
-420.663298002836
-420.663257382819
-420.663214262679
-420.663171971939
-420.663131688450
-420.663092516144
-420.663055488250
-420.663327391483
-420.663301612472
-420.663274726681
-420.663247122760
-420.663218293373
-420.663186741971
-420.663153358245
-420.663121200702
-420.663089951872
-420.663057695404
-420.663321239722
-420.663296005616
-420.663269654111
-420.663241281932
-420.663212876992
-420.663186155201
-420.663160638164
-420.663135113050
-420.663109449039
-420.663083990935
-420.663283124520
-420.663263194443
-420.663240742305
-420.663216661331
-420.663193360238
-420.663172294675
-420.663153287035
-420.663135189421
-420.663117309057
-420.663099251796
-420.663228830108
-420.663216819030
-420.663203666932
-420.663192954923
-420.663185911442
-420.663180352432
-420.663174010661
-420.663166160420
-420.663155996353
-420.663142352296
-420.663246453623
-420.663240156829
-420.663236866727
-420.663236691016
-420.663238554126
-420.663240820428
-420.663241635362
-420.663240996594
-420.663240391871
-420.663239638931
-420.663206684300
-420.663215193667
-420.663224326024
-420.663233090515
-420.663241028609
-420.663248747466
-420.663255713312
-420.663261875404
-420.663268802841
-420.663276759486
-420.663169396589
-420.663185409274
-420.663201531839
-420.663216783194
-420.663231190831
-420.663244399392
-420.663255485082
-420.663264367373
-420.663272234767
-420.663280475493
-420.663151569219
-420.663173030910
-420.663195338304
-420.663216416544
-420.663236365744
-420.663254474143
-420.663269902606
-420.663283476403
-420.663296554983
-420.663311039969
-420.663116933726
-420.663144709611
-420.663172785104
-420.663201283799
-420.663228176955
-420.663251589663
-420.663273309465
-420.663295615036
-420.663318442748
-420.663341684017
-420.663083180222
-420.663116506428
-420.663150008169
-420.663184614365
-420.663216607116
-420.663242800030
-420.663266206169
-420.663290524332
-420.663316669435
-420.663344449365
-420.663049777576
-420.663085059307
-420.663118648081
-420.663151692503
-420.663184960265
-420.663218914863
-420.663253828001
-420.663289701630
-420.663326537568
-420.663363074782
-420.663021777542
-420.663062876144
-420.663106796467
-420.663151673130
-420.663194952931
-420.663237982048
-420.663280210691
-420.663319940524
-420.663356868170
-420.663392436607
-420.663046985437
-420.663089512193
-420.663134390131
-420.663180048117
-420.663226932426
-420.663276433905
-420.663326763799
-420.663376095526
-420.663425059549
-420.663474091740
-420.662997133208
-420.663052732653
-420.663103253646
-420.663148689210
-420.663195878153
-420.663248160707
-420.663304467363
-420.663363058782
-420.663421917186
-420.663478670530
-420.662952054030
-420.663013909901
-420.663072187048
-420.663125385054
-420.663176301904
-420.663225275659
-420.663271890546
-420.663319962378
-420.663372393477
-420.663428803647
-420.662878277602
-420.662942188351
-420.663003627138
-420.663061588822
-420.663117328729
-420.663172593029
-420.663227874259
-420.663281207922
-420.663331745817
-420.663380688713
-420.662917280124
-420.662971180892
-420.663027760723
-420.663086695405
-420.663140586507
-420.663189598423
-420.663241541296
-420.663294858125
-420.663343196486
-420.663387884456
-420.662958453717
-420.663007644626
-420.663053910419
-420.663099217190
-420.663142861910
-420.663185476069
-420.663230214106
-420.663275498347
-420.663315235865
-420.663349308429
-420.663043775332
-420.663079652649
-420.663116017265
-420.663151202345
-420.663185870148
-420.663221875016
-420.663257548221
-420.663291534868
-420.663325133949
-420.663359377945
-420.663028018061
-420.663068050465
-420.663108597815
-420.663142542769
-420.663170359374
-420.663200581815
-420.663234464315
-420.663267424782
-420.663298133695
-420.663327021941
-420.663067668620
-420.663099963143
-420.663134510084
-420.663166604074
-420.663194859760
-420.663222035291
-420.663249579146
-420.663278740630
-420.663311713292
-420.663347271116
-420.663033333889
-420.663068335111
-420.663104387844
-420.663140821100
-420.663177489362
-420.663211378238
-420.663242558334
-420.663275380631
-420.663310819271
-420.663344099148
-420.663076415612
-420.663103607050
-420.663126946713
-420.663147195480
-420.663170017585
-420.663197745095
-420.663228494533
-420.663261988145
-420.663296026739
-420.663325815083
-420.663112964556
-420.663129738947
-420.663139402830
-420.663149938398
-420.663165282525
-420.663180375662
-420.663192781398
-420.663206012325
-420.663220612455
-420.663231273976
-420.663169453939
-420.663176755868
-420.663185391206
-420.663195779326
-420.663206995504
-420.663214677040
-420.663216565449
-420.663212893138
-420.663205444130
-420.663196902383
-420.663265717238
-420.663259079156
-420.663255609152
-420.663256462556
-420.663256728632
-420.663252549146
-420.663246337888
-420.663241965414
-420.663238237658
-420.663236282584
-420.663224914266
-420.663223018934
-420.663214420751
-420.663205208791
-420.663198549895
-420.663193174641
-420.663187138638
-420.663179216464
-420.663171062822
-420.663165990478
-420.663170623973
-420.663169262202
-420.663163123867
-420.663151934842
-420.663135557176
-420.663116560924
-420.663099523953
-420.663083835907
-420.663067940896
-420.663057374679
-420.663081606050
-420.663080166557
-420.663073529949
-420.663061408108
-420.663047645861
-420.663036195709
-420.663025271867
-420.663011106706
-420.662994378970
-420.662978998060
-420.663120906032
-420.663101104106
-420.663078822747
-420.663054848396
-420.663030784142
-420.663013612799
-420.663006904578
-420.663002953780
-420.662993266995
-420.662977436608
-420.663146202434
-420.663124888898
-420.663100615033
-420.663075153020
-420.663051134713
-420.663031024294
-420.663014131304
-420.662996591369
-420.662976184980
-420.662951777455
-420.663205647776
-420.663179371619
-420.663157224630
-420.663134456680
-420.663107097721
-420.663076297911
-420.663043787559
-420.663010430824
-420.662975995921
-420.662938386006
-420.663302011158
-420.663264956587
-420.663236427212
-420.663211893730
-420.663183806503
-420.663149481639
-420.663108444325
-420.663061746284
-420.663014792896
-420.662971496878
-420.663318824843
-420.663285126851
-420.663254622248
-420.663224417586
-420.663189922403
-420.663151211265
-420.663110818308
-420.663070398203
-420.663030490452
-420.662989535111
-420.663362547876
-420.663322591253
-420.663281870001
-420.663238919918
-420.663196559395
-420.663155796594
-420.663115851782
-420.663077148222
-420.663037897060
-420.662993733004
-420.663422939045
-420.663375117333
-420.663326203803
-420.663274267591
-420.663222847368
-420.663176936944
-420.663133580391
-420.663089000406
-420.663043896107
-420.662998904741
-420.663405330910
-420.663360071912
-420.663314966925
-420.663271378786
-420.663230168351
-420.663190793371
-420.663150366407
-420.663106617567
-420.663058548393
-420.663004919495
-420.663510943065
-420.663456563575
-420.663403708972
-420.663350435181
-420.663298800041
-420.663250748559
-420.663204684549
-420.663157800791
-420.663107792136
-420.663055617071
-420.663509140136
-420.663462914235
-420.663420439679
-420.663380320694
-420.663340137454
-420.663298677453
-420.663256433025
-420.663215423115
-420.663175630997
-420.663135608679
-420.663492160315
-420.663453538959
-420.663416313960
-420.663380912074
-420.663346133224
-420.663309986276
-420.663273126659
-420.663237098886
-420.663202023805
-420.663167654498
-420.663454483921
-420.663423531873
-420.663388372070
-420.663349399254
-420.663309446863
-420.663268816247
-420.663227833698
-420.663187983649
-420.663149223862
-420.663111948938
-420.663419275926
-420.663385464034
-420.663346111456
-420.663301373483
-420.663257019718
-420.663215511424
-420.663173981060
-420.663130517340
-420.663086360166
-420.663042659220
-420.663425589742
-420.663381979345
-420.663334775269
-420.663286389303
-420.663239731576
-420.663195982212
-420.663154720503
-420.663115048610
-420.663076245002
-420.663037511504
-420.663383262605
-420.663341684164
-420.663290850529
-420.663233561791
-420.663177412479
-420.663123798404
-420.663068862887
-420.663011839621
-420.662955712278
-420.662901213050
-420.663391315871
-420.663334993727
-420.663276873093
-420.663217518160
-420.663156276995
-420.663094917137
-420.663036136969
-420.662981566779
-420.662930488414
-420.662880298471
-420.663337016348
-420.663284736240
-420.663231976279
-420.663182161431
-420.663133718824
-420.663083565286
-420.663031769894
-420.662979310240
-420.662925678877
-420.662871080365
-420.663340953231
-420.663291731434
-420.663242724540
-420.663193328511
-420.663143926319
-420.663095093986
-420.663048366116
-420.663004090453
-420.662961477705
-420.662921460483
-420.663252328767
-420.663215920729
-420.663178056361
-420.663140367532
-420.663102253915
-420.663061776727
-420.663018821050
-420.662974573519
-420.662929235334
-420.662883450368
-420.663259229276
-420.663222549663
-420.663186008809
-420.663145593737
-420.663101707131
-420.663057783794
-420.663016183139
-420.662975459706
-420.662934253628
-420.662893852788
-420.663229868791
-420.663194455843
-420.663159441934
-420.663126517752
-420.663093828746
-420.663056151801
-420.663011119538
-420.662960574245
-420.662908239757
-420.662858474296
-420.663252494415
-420.663211943790
-420.663169695313
-420.663125412445
-420.663081080593
-420.663037457354
-420.662993332552
-420.662947950077
-420.662903145488
-420.662861661715
-420.663186469770
-420.663153752011
-420.663121014589
-420.663087554804
-420.663051847796
-420.663012687543
-420.662971175121
-420.662929710250
-420.662890182483
-420.662853708461
-420.663140690345
-420.663111424900
-420.663079708637
-420.663044621427
-420.663008557274
-420.662973443915
-420.662938805698
-420.662903301584
-420.662868102856
-420.662834836867
-420.663116332085
-420.663085313203
-420.663054565449
-420.663024972446
-420.662994681866
-420.662964082078
-420.662935425741
-420.662909089894
-420.662883775418
-420.662858482284
-420.663081246965
-420.663055891674
-420.663029478644
-420.663004825387
-420.662980939510
-420.662954925677
-420.662927036961
-420.662899312847
-420.662872470794
-420.662845424865
-420.663082993667
-420.663057465655
-420.663032738666
-420.663010086821
-420.662988122534
-420.662965753588
-420.662944252694
-420.662923970235
-420.662903529955
-420.662883511896
-420.663046116265
-420.663026873680
-420.663003330478
-420.662978164190
-420.662953460096
-420.662928903754
-420.662905337970
-420.662884857017
-420.662866798556
-420.662848501841
-420.663005627462
-420.662990515508
-420.662976851392
-420.662963988608
-420.662950362535
-420.662934933996
-420.662918915629
-420.662903585154
-420.662888422618
-420.662871621075
-420.663038165515
-420.663018313033
-420.662997291878
-420.662977042293
-420.662957840846
-420.662939505671
-420.662922897687
-420.662908368057
-420.662895112373
-420.662882121377
-420.662985008748
-420.662974248108
-420.662961983477
-420.662948931500
-420.662936345014
-420.662924748192
-420.662913157332
-420.662899779706
-420.662884542273
-420.662869125536
-420.663000126067
-420.662984765992
-420.662968096068
-420.662953658041
-420.662942689736
-420.662933194352
-420.662923372782
-420.662912808988
-420.662901286548
-420.662888948124
-420.662992024065
-420.662981239381
-420.662970165079
-420.662960315694
-420.662951183253
-420.662940718412
-420.662928445133
-420.662914822501
-420.662900694775
-420.662887807870
-420.662971290446
-420.662964032339
-420.662955667716
-420.662946658457
-420.662936624769
-420.662924315984
-420.662910707170
-420.662898543491
-420.662888786165
-420.662880777032
-420.662926757138
-420.662923200513
-420.662917167541
-420.662907217355
-420.662893788438
-420.662878526242
-420.662863535210
-420.662850750495
-420.662841108410
-420.662833993867
-420.662872173009
-420.662870062604
-420.662868306289
-420.662866408570
-420.662863513436
-420.662860474996
-420.662858961093
-420.662858392496
-420.662856533929
-420.662853527128
-420.662861357076
-420.662861473552
-420.662859156226
-420.662855583891
-420.662853109199
-420.662852768400
-420.662855246747
-420.662860862985
-420.662867651297
-420.662872739737
-420.662834309346
-420.662839464131
-420.662844965005
-420.662850640945
-420.662856989724
-420.662865455220
-420.662875982337
-420.662886063228
-420.662893787295
-420.662900762746
-420.662805693588
-420.662819010867
-420.662831715997
-420.662844696304
-420.662858817901
-420.662872955129
-420.662886691472
-420.662900025289
-420.662912037367
-420.662922158983
-420.662814313643
-420.662830687248
-420.662848752749
-420.662865070739
-420.662878497528
-420.662890679518
-420.662902627629
-420.662913493287
-420.662923382057
-420.662934209975
-420.662807379802
-420.662822887805
-420.662836209602
-420.662847417344
-420.662857455109
-420.662867038471
-420.662876946340
-420.662887105420
-420.662897193922
-420.662907724174
-420.662789374701
-420.662803976595
-420.662817370403
-420.662830419056
-420.662843975853
-420.662858042289
-420.662872412975
-420.662886682674
-420.662900090387
-420.662913199387
-420.662771174493
-420.662789684975
-420.662808926997
-420.662829263871
-420.662850107194
-420.662869947610
-420.662888355310
-420.662905781812
-420.662922031600
-420.662937374306
-420.662785982192
-420.662803774961
-420.662820470371
-420.662837726600
-420.662857028575
-420.662877439983
-420.662896805213
-420.662915213579
-420.662935035950
-420.662958191978
-420.662709315918
-420.662739360780
-420.662768492255
-420.662795644051
-420.662820347944
-420.662843608720
-420.662867618348
-420.662893609399
-420.662920913221
-420.662948366637
-420.662695059771
-420.662722971634
-420.662748941465
-420.662773005644
-420.662795265953
-420.662817600398
-420.662842348843
-420.662869168246
-420.662895547065
-420.662919912297
-420.662704287316
-420.662729015282
-420.662755200362
-420.662784275927
-420.662814987970
-420.662845642487
-420.662875506104
-420.662903535645
-420.662927859406
-420.662948516602
-420.662756235955
-420.662780546204
-420.662806311864
-420.662833083716
-420.662860632862
-420.662888247980
-420.662914805037
-420.662939706769
-420.662963553996
-420.662987936381
-420.662742148672
-420.662771283777
-420.662799554122
-420.662827065544
-420.662853878683
-420.662880679585
-420.662909262406
-420.662939432884
-420.662968875358
-420.662996859592
-420.662734695031
-420.662765772437
-420.662797105032
-420.662828065860
-420.662858387155
-420.662888217543
-420.662917093091
-420.662944542227
-420.662971984681
-420.663002200875
-420.662682901207
-420.662721440354
-420.662759184240
-420.662795304893
-420.662829723104
-420.662863679394
-420.662898941304
-420.662935141081
-420.662971088576
-420.663007566653
-420.662655873602
-420.662695647258
-420.662733333479
-420.662770345473
-420.662808035484
-420.662846463508
-420.662885564152
-420.662925040439
-420.662964189736
-420.663002451604
-420.662659508836
-420.662696087069
-420.662729894191
-420.662763268307
-420.662798695339
-420.662836753120
-420.662875319657
-420.662911339952
-420.662944054227
-420.662975185594
-420.662683886438
-420.662718227013
-420.662754517928
-420.662793713116
-420.662834590637
-420.662874565610
-420.662912453263
-420.662948461230
-420.662983638542
-420.663019510775
-420.662675687878
-420.662715416997
-420.662755440035
-420.662795726306
-420.662834712094
-420.662871044293
-420.662905358371
-420.662938902954
-420.662972998389
-420.663008568731
-420.662669785775
-420.662708874118
-420.662749226192
-420.662790862017
-420.662831415741
-420.662869496588
-420.662906474864
-420.662944287170
-420.662983731868
-420.663025059401
-420.662624471463
-420.662671512056
-420.662718193570
-420.662763190925
-420.662806111608
-420.662847940941
-420.662890043890
-420.662932324712
-420.662974148405
-420.663016094076
-420.662621831687
-420.662666948967
-420.662711722081
-420.662755762596
-420.662798540898
-420.662840278911
-420.662881947779
-420.662922868017
-420.662960976809
-420.662996311990
-420.662670752185
-420.662710489604
-420.662752755707
-420.662795190726
-420.662836741021
-420.662879070648
-420.662923226335
-420.662967830934
-420.663011456966
-420.663053837634
-420.662662998924
-420.662709097771
-420.662756791897
-420.662803864541
-420.662848042120
-420.662889969329
-420.662931464692
-420.662972143637
-420.663010981037
-420.663049036625
-420.662694601370
-420.662734283444
-420.662773566865
-420.662814418693
-420.662856274291
-420.662897118537
-420.662936139214
-420.662973531279
-420.663010055180
-420.663048772901
-420.662644658607
-420.662693892797
-420.662741229595
-420.662784075064
-420.662823068136
-420.662859268327
-420.662893508352
-420.662928032441
-420.662965262034
-420.663005007732
-420.662627941276
-420.662671151042
-420.662713399402
-420.662753541474
-420.662792540531
-420.662832423666
-420.662873753014
-420.662915821383
-420.662958268250
-420.663001276813
-420.662600503998
-420.662645513113
-420.662689287372
-420.662731823555
-420.662772814633
-420.662812040662
-420.662849422039
-420.662884839042
-420.662919535072
-420.662955387197
-420.662621038665
-420.662656890465
-420.662690965405
-420.662726177353
-420.662763393380
-420.662801641333
-420.662841375802
-420.662883847602
-420.662929177674
-420.662976450509
-420.662542022032
-420.662589839739
-420.662635054397
-420.662676899407
-420.662715069520
-420.662750396552
-420.662785375331
-420.662822201756
-420.662860475005
-420.662898358472
-420.662566455500
-420.662602730315
-420.662638478899
-420.662673343631
-420.662706879844
-420.662739740994
-420.662773017994
-420.662807677500
-420.662844383417
-420.662882938601
-420.662523412432
-420.662563704625
-420.662603661840
-420.662642812878
-420.662680254858
-420.662716509434
-420.662752419211
-420.662787448356
-420.662821343642
-420.662855432827
-420.662533630496
-420.662570656855
-420.662607112292
-420.662642520096
-420.662678748787
-420.662717891126
-420.662759234050
-420.662800038828
-420.662838920395
-420.662877557207
-420.662507669949
-420.662551112173
-420.662594084664
-420.662633559845
-420.662668215431
-420.662700512570
-420.662734248082
-420.662770516225
-420.662808101507
-420.662846101654
-420.662500863418
-420.662536827801
-420.662567725407
-420.662596182720
-420.662626615893
-420.662660941615
-420.662697560738
-420.662734024907
-420.662768132215
-420.662798541657
-420.662535852607
-420.662569043306
-420.662608234811
-420.662650303469
-420.662691906790
-420.662731472478
-420.662766948492
-420.662796725198
-420.662823450505
-420.662851704636
-420.662569593718
-420.662601888020
-420.662633361776
-420.662663693348
-420.662691878166
-420.662717931917
-420.662744035101
-420.662772519158
-420.662801937514
-420.662829205689
-420.662599502631
-420.662624741803
-420.662648700028
-420.662671191239
-420.662694004892
-420.662717800610
-420.662741272921
-420.662764002406
-420.662787270062
-420.662811106044
-420.662594020284
-420.662619164420
-420.662644591312
-420.662668318920
-420.662689797655
-420.662710233716
-420.662730690974
-420.662750904454
-420.662769395400
-420.662785511894
-420.662647084305
-420.662663137800
-420.662679616614
-420.662696423600
-420.662713902563
-420.662732160267
-420.662750886371
-420.662770437462
-420.662790059159
-420.662808737135
-420.662635560166
-420.662656887125
-420.662679229263
-420.662701105356
-420.662722043951
-420.662742349925
-420.662761530227
-420.662778396499
-420.662794320221
-420.662811848087
-420.662639983563
-420.662658201287
-420.662675019741
-420.662692413457
-420.662711175381
-420.662730898633
-420.662751132041
-420.662770398875
-420.662786205981
-420.662798461002
-420.662686140653
-420.662702308376
-420.662722341776
-420.662744996252
-420.662767803236
-420.662788454760
-420.662805827282
-420.662819879619
-420.662829908476
-420.662836692889
-420.662771467940
-420.662782004621
-420.662796509789
-420.662813780888
-420.662830891175
-420.662846478135
-420.662861563397
-420.662875871663
-420.662888105838
-420.662897844649
-420.662826615401
-420.662833807461
-420.662842239046
-420.662853441459
-420.662866300114
-420.662878770584
-420.662891105424
-420.662904933676
-420.662919580386
-420.662932601770
-420.662831112894
-420.662841796680
-420.662850778420
-420.662857844303
-420.662865963255
-420.662877369981
-420.662889441440
-420.662899442969
-420.662908329215
-420.662917160025
-420.662857077795
-420.662859029872
-420.662857761063
-420.662855783981
-420.662853693235
-420.662852994406
-420.662854736144
-420.662856232648
-420.662856100524
-420.662857145896
-420.662819792424
-420.662824210796
-420.662825367293
-420.662825021531
-420.662826682295
-420.662830453519
-420.662834916303
-420.662840083902
-420.662843746085
-420.662841705805
-420.662917421249
-420.662906327568
-420.662895328056
-420.662884842131
-420.662875981917
-420.662872065279
-420.662873824027
-420.662877442160
-420.662877621659
-420.662871139090
-420.662976869429
-420.662964507175
-420.662956333187
-420.662952532921
-420.662949720712
-420.662946407975
-420.662943950257
-420.662942431952
-420.662940459439
-420.662936079960
